2.685470138817643293e-01 5.973401700284417665e-02 3.337522958036874543e-02
3.104947219232918609e-01 -5.296578418926018578e-04 4.449513038782501595e-02
2.823046721829087780e-01 9.666159145429133182e-02 2.858642932788565266e-02
2.829659077041254966e-01 3.685264092659956692e-02 3.532144084438726406e-02
3.943044562705009248e-01 -8.984375055500117002e-02 2.970817403884442459e-02
2.493552671888991934e-01 9.059521669812053979e-02 2.304217669927223489e-02
2.514933889410094769e-01 1.168811946666585694e-01 4.399758774416989704e-02
3.466475297423105006e-01 -1.246474683228267905e-02 4.092128302804273754e-02
3.715473603299487837e-01 -6.500524125355539029e-02 4.781532750650869384e-02
3.289759715641032978e-01 -3.940074298029707517e-02 2.596089234917101085e-02
3.701216173720272007e-01 -4.836527610871808880e-02 2.974714623755150139e-02
2.878163015614239040e-01 8.877484438659463684e-02 3.240208043339178057e-02
2.921699265112119859e-01 3.902288986185172698e-02 4.615607945009161939e-02
3.350570353345624364e-01 -5.058762518920110335e-02 3.415139136273705883e-02
3.342819327805072183e-01 -2.203393541195267091e-02 1.887391078315119736e-02
3.092024461184117445e-01 1.121621013034746449e-02 1.837228438674447933e-02
3.149130385864247761e-01 2.746159917415934293e-02 1.720467808047418737e-02
3.862487800524873061e-01 -8.563431180802594245e-02 4.687231579349204758e-02
3.585383548720914026e-01 -2.672200852548714881e-02 3.425988071452245459e-02
3.042747334329417574e-01 2.342721623052604341e-02 4.738055362715015012e-02
3.407133075919925869e-01 -5.602145322467496497e-02 3.974509833786277202e-02
3.815046302106942511e-01 -8.733944466491630476e-02 4.978956843574621621e-02
3.838621978559942916e-01 -1.008614928455076748e-01 4.546516744797488713e-02
3.716872229559280982e-01 -4.942981003976573695e-02 3.636492909832932802e-02
2.756632619805020612e-01 5.486488919244993101e-02 1.861856426360892353e-02
2.761128408888707808e-01 6.379213004132597287e-02 4.532717921415697904e-02
3.789794316188814793e-01 -1.008226542171052620e-01 2.599690597180727078e-02
3.459733442495926958e-01 -3.325305666288385503e-02 4.862518339127348821e-02
2.957046694664595687e-01 7.435829297068297095e-02 3.486500919358523354e-02
2.670367587900583928e-01 1.001214826380258799e-01 4.484320731271330962e-02
3.888570404261610380e-01 -1.037938910207186066e-01 2.810403953070779448e-02
3.649308930529775452e-01 -3.756922865943129741e-02 3.258094688832145064e-02
3.845834462308031498e-01 -1.027422195447780101e-01 3.643631191435579841e-02
2.855175208342208282e-01 3.090535521222187443e-02 3.547231063723617350e-02
2.662943542425870724e-01 8.454164343845185781e-02 1.679218069658837409e-02
2.792740410867358691e-01 4.393939120796807457e-02 3.856816558805951228e-02
2.741418164743609776e-01 8.958197252367909591e-02 4.508204500423262928e-02
2.965944049275887617e-01 6.940822679983590926e-02 3.916598659949897115e-02
3.442661828056416962e-01 -2.521574104474199815e-02 4.812817929853221988e-02
3.190974809619103181e-01 -8.682501669802732830e-03 4.658315262623899389e-02
2.489988316137258240e-01 1.011418637139157584e-01 1.994390786657630754e-02
2.478809743134780530e-01 1.179409662904845613e-01 4.163307261450337193e-02
3.154401278951402543e-01 -1.855075697730961676e-02 3.078760113933456596e-02
3.383033555002232795e-01 -1.402004132906771103e-02 1.783942558489156477e-02
2.655138617862815020e-01 8.354466297806881214e-02 4.525323248193877795e-02
2.664063861744978001e-01 7.132166320413863003e-02 1.753378598888681930e-02
3.460731196461029890e-01 -6.279836857016971030e-02 2.383826602276510262e-02
3.040892548359565017e-01 8.375180464892998528e-03 1.892758683267988656e-02
3.531243473517715614e-01 -2.389532304084838327e-02 2.395631266698999839e-02
2.440478548524193658e-01 1.016926965438621211e-01 2.573777045938849956e-02
3.021573682078989020e-01 5.563424855829434551e-02 4.224652777644447021e-02
2.474537603901569849e-01 1.152175562999608466e-01 4.278086139033940999e-02
3.500184122010608911e-01 -5.778676474887821379e-02 4.752752874365661490e-02
3.263078179185043282e-01 4.574353434639868120e-03 1.721113050368722197e-02
3.587352630678599663e-01 -8.032513851021208517e-02 2.378526952193190519e-02
2.946500923010877959e-01 1.468295554886431785e-02 2.842844887317422242e-02
2.530859510528157275e-01 8.544140697063523637e-02 3.188964671976847465e-02
3.766537161631939856e-01 -1.060078232595553505e-01 3.254103075880651619e-02
3.063348963568127692e-01 5.815843541383963061e-02 3.274145634285986761e-02
2.533390154782185766e-01 1.148161592498916223e-01 1.728987071804291564e-02
2.970462516469924985e-01 1.563016696427588226e-02 2.248453873652667828e-02
2.852104326725657946e-01 3.827212119666419110e-02 1.989348007308738148e-02
2.612061594623396599e-01 7.556408187175639446e-02 1.877110772155572010e-02
3.707632082003878837e-01 -9.047319826957812838e-02 2.327122106117859857e-02
2.873353432824723441e-01 2.733117702014530373e-02 2.586836791398621979e-02
3.495578405829169455e-01 -5.443862516262205908e-02 1.987977815331978121e-02
3.739184545069359489e-01 -1.055902303449609281e-01 4.498851288414393301e-02
3.773795890809440445e-01 -1.055816179223269258e-01 3.026152795063220824e-02
3.095099961706377356e-01 3.781641734318376413e-02 4.514626345822814191e-02
2.939761982348365055e-01 2.401883362680425765e-02 1.871757778899710983e-02
3.514575172186167329e-01 -5.214163725489791984e-02 4.913057790428975585e-02
2.964703281553943692e-01 6.868300525568588055e-02 2.287596362456208871e-02
3.564177287962175256e-01 -5.364218303686080908e-02 4.973995568761720165e-02
2.796236520571673823e-01 7.918774465717144662e-02 4.569234064650858074e-02
3.267687282240617219e-01 2.470516046079675176e-02 3.454681962928395078e-02
2.850756530472904338e-01 4.167503134576491797e-02 1.857049580427610341e-02
3.848615677297274607e-01 -7.743009462110089780e-02 2.445811430839440331e-02
2.709855519206961771e-01 5.734948194283136930e-02 2.093623238984123128e-02
3.811805993013390736e-01 -6.948442231745356745e-02 2.671903256358251072e-02
2.729468746781827382e-01 5.454150143507929122e-02 2.091982962580906866e-02
3.487384332019605737e-01 -1.632826441974945253e-02 2.366260610422769861e-02
2.664100965125667519e-01 1.011676570494345617e-01 4.479315303114854430e-02
3.189501487672956048e-01 -5.740468806238510288e-03 1.882807177647307512e-02
3.131171792998316827e-01 -1.433614303708549004e-02 3.287147641251364494e-02
2.997293018943422149e-01 3.970296752579428878e-02 4.705240570573732128e-02
3.866811661381815424e-01 -1.064880847194373675e-01 3.071180286708344309e-02
2.902924787043101862e-01 7.303983938244970608e-02 4.252456761543951802e-02
3.011238594261038126e-01 1.803514885291513867e-02 1.850676258921829520e-02
2.842736290396918886e-01 3.442364143627312661e-02 3.697333697617730119e-02
3.476613107811585834e-01 -6.390171163635316454e-02 4.394229079661993165e-02
3.482158911491955444e-01 -2.921552099712741712e-02 1.858563689546395559e-02
2.624981559022477873e-01 7.379241715730519569e-02 3.897050929098726246e-02
3.067715078443644661e-01 3.781311098427532491e-03 2.055714238202522096e-02
3.267700570222757395e-01 -1.857723910360385700e-02 4.725940224634761488e-02
3.876468903791883691e-01 -7.748993057997018152e-02 3.373255817871789741e-02
2.499368410076442948e-01 9.109009244661687987e-02 3.239343213005807520e-02
3.111399378056811105e-01 4.873280614878225392e-02 3.589176735108141891e-02
3.124726819668270927e-01 2.847623227309807950e-02 1.705283356690835694e-02
3.811072877475191190e-01 -1.011580536054746127e-01 5.013575723277177015e-02
3.140456571234265248e-01 2.258156346027717642e-02 1.706566640206468727e-02
2.674434476058039634e-01 7.049778151680957672e-02 4.307757983904964005e-02
2.582703479891420018e-01 1.256276145289014767e-01 3.031699708345278466e-02
3.256031816656168587e-01 2.381356637394953929e-02 3.851841340896511312e-02
3.707927892931506264e-01 -6.959247473592819477e-02 4.938547651662638510e-02
3.879566859437070803e-01 -1.112626008478685008e-01 3.541548339320997607e-02
3.058588872566677663e-01 5.328105915002179227e-02 4.055344440614386259e-02
2.830937174604101769e-01 9.507745379441845390e-02 3.462345355243744843e-02
3.078145047216973573e-01 5.460350081727051441e-02 3.552799548186680312e-02
3.920766952471761990e-01 -8.793375641671082044e-02 2.637779092353802202e-02
3.542359184269956440e-01 -4.120112329342155710e-02 4.818526227553551061e-02
2.636028169047691105e-01 1.213261162912392804e-01 3.878078473556867412e-02
3.118859232765248679e-01 4.850039274030126801e-02 3.428653399115136335e-02
3.189501499327914158e-01 -2.310489652172877453e-02 3.809298065968150238e-02
3.871471635861618021e-01 -7.822020065012061374e-02 3.088322922538055265e-02
3.697893519826710440e-01 -1.020132763505394308e-01 4.381812419434428368e-02
3.368807311177318686e-01 -5.327412379008118759e-02 2.902190350695982995e-02
2.968374575177249453e-01 1.978973820932066960e-02 4.263880407587467003e-02
3.076037628522099165e-01 5.408357684215773370e-02 3.680903310838100351e-02
3.031577135061013784e-01 6.544678919944064456e-03 4.187295565991058788e-02
3.135231843145034891e-01 -1.524134380200839467e-02 3.134994378739566767e-02
3.257733387478916054e-01 1.765247123521736933e-02 4.277484112418289408e-02
3.437112987402195508e-01 -7.959108608916874716e-03 4.072516911137845363e-02
3.488363921420284952e-01 -1.829142838006955762e-02 4.256821190482155959e-02
2.493332362997466300e-01 9.317758927004245184e-02 2.137690622840509105e-02
3.957701296842342509e-01 -8.986240589034649728e-02 3.330362799943464847e-02
2.768621822587568615e-01 9.486177033473733311e-02 4.212845400623875525e-02
2.656885979125689912e-01 7.574813263908709848e-02 1.718868036557574461e-02
3.631684296768756259e-01 -6.945481980088281937e-02 2.100697380893909103e-02
2.598002714363069066e-01 8.976410874953542895e-02 4.471173620757132317e-02
3.805172849913331379e-01 -7.166246206040007005e-02 2.357937958414174640e-02
2.803308539440624303e-01 6.006483387426223008e-02 4.588087958855303905e-02
3.946940545214961404e-01 -9.475204966886915936e-02 3.746666573959080149e-02
3.668187383151970682e-01 -8.673841606383458913e-02 2.332268817026288132e-02
3.650367093222193771e-01 -8.031246174779151092e-02 2.278685901006953160e-02
3.091247024809361532e-01 5.230194998233157755e-02 3.502444242538172575e-02
2.793560099616837489e-01 1.023888483656522769e-01 2.988599613149205483e-02
3.053987193840217440e-01 5.892463790982369054e-02 3.565073898281644060e-02
2.653279149776648360e-01 8.720327552946310901e-02 4.566325694905330745e-02
2.596725900559871958e-01 7.558803623530954696e-02 2.119715595345774556e-02
2.528601865128736748e-01 1.231221449363064380e-01 3.505745920565486035e-02
3.623600261636055753e-01 -4.003756108812820541e-02 4.327614577835143389e-02
3.531241865029102200e-01 -3.416958213021819429e-02 1.912882133123823547e-02
2.507298836134915776e-01 1.210492993745065915e-01 3.898230279665653580e-02
3.419007794289912749e-01 -5.961481032551936565e-02 3.581817654000335471e-02
3.751277964435441592e-01 -1.063601419891202077e-01 4.326708933192475320e-02
3.126590493296674822e-01 9.233953628466884909e-04 4.650262140297575786e-02
3.302820753468999615e-01 4.664674845509127719e-03 1.776889881732532372e-02
3.452880286740039328e-01 -6.127941000267186911e-02 4.249640083148224085e-02
3.155326891040367010e-01 -1.089507323859692338e-02 4.392230554733161929e-02
3.376864283343532502e-01 -5.110597429156091276e-02 4.109442171855335474e-02
3.295932643685324792e-01 1.165486079742072967e-02 2.057965977910783395e-02
3.049462018007584874e-01 1.314353121344529959e-02 4.540139405743860712e-02
2.928112523217586971e-01 1.804858245423544144e-02 2.765792044666473548e-02
2.779779184790583391e-01 1.005664312198172594e-01 2.364667192242601162e-02
2.901143272660664518e-01 2.380573686745140333e-02 2.416826769189982238e-02
3.140248878280683664e-01 4.302720902362607014e-02 3.780177664668631088e-02
3.828664514342428049e-01 -1.016694290098517500e-01 4.810109782647596643e-02
3.073870012221153192e-01 5.574619197754206168e-02 3.498145498724365698e-02
2.549009524074478117e-01 1.191242965813730931e-01 4.345245301223460421e-02
3.246635746923243748e-01 -9.516668359731562943e-03 1.868662601383164895e-02
3.141612035271963976e-01 -1.532366743028400896e-02 3.765497585616454923e-02
2.673466258448798372e-01 1.218288876037979529e-01 3.101041975662981176e-02
3.227182281754579218e-01 2.749703261579505842e-02 3.908304086970032509e-02
3.011504733819388435e-01 2.958600846265780140e-02 4.720315467527083642e-02
3.454344477410027370e-01 -6.449968142156863038e-02 3.529950118346093790e-02
2.889491050603956723e-01 2.554138891273105560e-02 3.679492387715983109e-02
3.121217536682129867e-01 1.340939286214840910e-02 1.794787238613516911e-02
2.406541818699466928e-01 1.064146932088616965e-01 3.030315585522879579e-02
3.216140830924623106e-01 8.438337688799103439e-03 4.762279458170830260e-02
2.625411945868356689e-01 1.023516051635982027e-01 1.641331227470789467e-02
2.903111720877230573e-01 8.435204124299357231e-02 3.095619651352886359e-02
3.353744670883962442e-01 -1.271624772419364599e-02 1.791725402314926080e-02
2.804347432723966471e-01 9.546848453641861021e-02 2.124133804262546416e-02
2.675452656128948781e-01 7.718258683552867150e-02 1.713085951951056132e-02
3.715921914708292251e-01 -4.924365149761544130e-02 3.504806329959032907e-02
3.878397596681725235e-01 -8.722680248469424913e-02 2.276677924314451582e-02
3.567558552554341289e-01 -8.458430328584923275e-02 2.835458158135333723e-02
3.557410969538308820e-01 -8.191683092829071811e-02 3.783622851038417889e-02
3.195197284360388190e-01 -2.567705941100391701e-02 3.055629239804978636e-02
2.561678253091762558e-01 1.070039408947520143e-01 1.741845162069462216e-02
2.666859475002713031e-01 1.036347973638461206e-01 1.515836553656985629e-02
2.853220899558491785e-01 5.885008688531493531e-02 4.663858824904988654e-02
2.884153748543457074e-01 2.897649112269744948e-02 3.937505483614608948e-02
3.270503823183747993e-01 1.834253497235743824e-02 2.200869965631084557e-02
3.522487878161367769e-01 -2.203725816463918130e-02 4.123415352312927162e-02
2.828187688266170507e-01 7.685253661345359255e-02 4.529004553592501370e-02
2.846076239609748315e-01 6.559163144773279275e-02 4.612855924152381437e-02
2.800771313099898463e-01 9.599399958869554716e-02 3.808238048694471273e-02
3.303619184684306598e-01 3.998869643153952352e-03 4.560455972005634379e-02
3.569733177377262257e-01 -2.561025371353354424e-02 3.041766378290620965e-02
3.378594801713488138e-01 -5.155079947195850137e-02 2.413432844316816539e-02
3.455735572925190402e-01 -6.608707322101721460e-02 2.926293926498811995e-02
3.197632889293677283e-01 -1.255274413324725807e-02 1.938865025304752424e-02
3.471866116627541077e-01 -2.675761434715120957e-02 4.745007910041768029e-02
3.204700343555192399e-01 3.634247929464817350e-03 4.855644002323323410e-02
2.517020836101705461e-01 9.655272690977161065e-02 4.232861855633263115e-02
2.532748885042479525e-01 9.000189205914987944e-02 3.977809936210058989e-02
2.633000719344092966e-01 1.234567981428771194e-01 2.562721162676951520e-02
3.433003462396914118e-01 -2.492939172857276675e-02 1.840564179589886107e-02
2.526200239003365544e-01 1.227846106522811204e-01 3.564897343805965846e-02
3.571246313002022221e-01 -2.770360241475902652e-02 2.785421788359165873e-02
3.119395935398314723e-01 -1.111381052286843432e-02 3.979713910946924837e-02
3.398359946670318488e-01 -3.233703700102319445e-02 1.916902663976598892e-02
3.111411102842271403e-01 -7.814025831209514897e-03 2.247656160295653446e-02
3.034927118570222571e-01 3.799120901886367252e-02 1.696121362507420002e-02
3.365541182661468400e-01 -2.567689732024721824e-02 1.896552400803391131e-02
2.650551722778886621e-01 7.642204511393924093e-02 4.310680444537601935e-02
2.667155683798799748e-01 1.204815923525426880e-01 3.590883289072011042e-02
2.879019263919015970e-01 8.110783897741843940e-02 4.041620909996936073e-02
3.288992405376796602e-01 -3.935879374862575469e-02 3.836830267784527987e-02
3.474489644672114075e-01 -5.259794505566356415e-02 4.777958152163324507e-02
2.926578656000242695e-01 6.437895759573587784e-02 1.623795870396696484e-02
2.600106944686838006e-01 8.794947270852497556e-02 4.424303192614494062e-02
3.891002349875880562e-01 -1.076919498399086933e-01 3.128379821203979005e-02
3.103471372518712412e-01 3.296065276519698217e-02 1.695465275867150817e-02
3.809819929487608947e-01 -7.499196309824557316e-02 4.604512808921334965e-02
3.489033701760854145e-01 -2.201818696894621008e-02 2.052785706837678345e-02
3.198624731945258759e-01 -2.631386503883894126e-02 3.169421348406589040e-02
2.829573024025588968e-01 9.339770648973270972e-02 3.641344620285862088e-02
3.658038344013437304e-01 -9.827407182111613793e-02 4.121542159830558771e-02
2.925919606554926444e-01 6.322520328675554357e-02 4.504575415061255750e-02
3.120468348381276735e-01 8.259860733424573623e-03 4.756064009819668814e-02
2.586486944180631520e-01 1.255031934269035809e-01 2.787499623433851992e-02
3.866489405037604743e-01 -8.312859594675518771e-02 4.573565943193032279e-02
3.191008940884689227e-01 -1.584938541385780275e-02 2.058107037402238937e-02
3.615073153818927354e-01 -3.907345066416496177e-02 4.340815747392967605e-02
3.196619282373024951e-01 -2.364330940231323605e-02 3.969147737796155373e-02
3.001070428731232864e-01 5.767256987459771361e-02 1.785022413800263844e-02
3.683707630906319364e-01 -5.988495088544265599e-02 4.809977871014978201e-02
3.275232905198978695e-01 1.561868583316409868e-02 4.215972287184135969e-02
3.764013732044134142e-01 -1.061613428647289192e-01 3.149061550018493472e-02
3.515011517653617301e-01 -7.264800326160275601e-02 2.512682360237892751e-02
2.912821360110475766e-01 7.873416469743255153e-02 2.354899777454004181e-02
2.518206974469053838e-01 9.662317653712752807e-02 1.888711982451286853e-02
3.481697038552867829e-01 -6.278124143668564749e-02 2.237573914328817512e-02
3.927551624685593490e-01 -8.609881417089655653e-02 3.331360426552986559e-02
3.371750227429027302e-01 -3.499409007315808229e-02 1.951415974187769090e-02
3.096846534396742734e-01 4.725975389892344419e-02 2.573321189408891291e-02
3.426704348700704283e-01 -6.833009369673785638e-03 2.342463482101194566e-02
3.059604738131825319e-01 5.002827106077521735e-02 4.205317118048410019e-02
3.022301486719606300e-01 1.328727844847467192e-03 3.080837028059017768e-02
2.650420943944032381e-01 9.520496518720991674e-02 4.551556819572580292e-02
2.938622539146577006e-01 7.104824250323231449e-02 1.985439433449836741e-02
3.047384113536210082e-01 6.163589104765533622e-03 2.016900649834382428e-02
3.147926057667642663e-01 3.270784971651013659e-03 4.803623962134942471e-02
3.246441455169919998e-01 -3.480032006351641005e-02 3.036749252410342326e-02
2.747203259912301965e-01 5.480322482241654913e-02 4.179489946445046067e-02
2.472692907956050012e-01 9.411257057311012142e-02 2.625261597182743795e-02
3.757912991862082386e-01 -9.761247354442614821e-02 2.411732105545258409e-02
2.468836137641391149e-01 1.013857841049286557e-01 4.039707137052728214e-02
2.434613215617968951e-01 1.114794277998907984e-01 2.227384235232514678e-02
3.613120906648160102e-01 -7.707205616991004427e-02 4.840960728030772875e-02
3.812502372437752696e-01 -6.769303158906037066e-02 2.939532923566339287e-02
3.262989910783029024e-01 2.588143827156155763e-02 3.235609850521769387e-02
3.278702242192527705e-01 -3.916094162508840237e-02 3.482777659211117038e-02
3.016915508480267905e-01 5.933466136603248765e-03 2.486604536537682236e-02
2.845470734677578717e-01 3.154959744551306955e-02 3.029597428313184765e-02
3.051604129624509443e-01 5.929668532266729047e-02 3.568436913019554235e-02
3.674826231163568768e-01 -8.025877546198029178e-02 4.991601193112099599e-02
3.717538757791317705e-01 -7.187034970783737209e-02 2.100354771037339988e-02
3.231845815391197196e-01 2.551779283254984598e-02 2.377893988509399356e-02
3.287908311747388401e-01 6.629474299841472615e-03 1.756144889728357070e-02
2.581104817247639738e-01 8.840618567211840084e-02 1.755859316992140068e-02
3.648266028604982836e-01 -4.923533032343747895e-02 4.608649424270763045e-02
2.661229740895693641e-01 6.921055095078237906e-02 4.144961522396976156e-02
3.600247857805588536e-01 -2.937789041194691780e-02 3.549879208121874824e-02
3.392193881343947837e-01 -2.265742204521962143e-03 2.191731970784712574e-02
3.038892108414227300e-01 6.028595033130206005e-02 3.723562033951961781e-02
3.312937097772457040e-01 -2.027606633532187674e-02 1.896288521732308885e-02
2.401016173392448438e-01 1.068299367912813602e-01 3.452299519383204146e-02
3.457440996001863720e-01 -6.274536850135140065e-02 4.113464467845542871e-02
3.014739007539524174e-01 2.310846685262279640e-02 4.618365369326123127e-02
3.631103617558862351e-01 -5.276503377208914547e-02 1.977230116446983960e-02
3.707033457223126716e-01 -6.635703785941730881e-02 4.867604730246113953e-02
3.880619784798919891e-01 -1.054286980825684533e-01 3.602069778522955235e-02
3.391599737656712521e-01 -1.596018517776000289e-02 4.754195854712091329e-02
3.582283180849266113e-01 -7.867118476632649349e-02 4.596435478181853940e-02
3.814438796261792608e-01 -8.837230729112516281e-02 4.996464390727812371e-02
2.754544229764807617e-01 5.398581211124186402e-02 4.205830271252467001e-02
2.986603115683764131e-01 1.929670169571515853e-02 4.397550579728100317e-02
3.703765941640575488e-01 -6.903286059771229777e-02 2.080646257061358889e-02
3.166272173901957254e-01 3.964232492222893867e-02 3.723756407887224285e-02
2.780945370501716196e-01 5.546621966493055916e-02 4.403126943949568772e-02
3.084016797827650591e-01 1.792045859993002255e-02 1.794691484880209589e-02
3.582024424528071349e-01 -8.760323829249014316e-02 3.189989506849845446e-02
2.812310713333712187e-01 4.639216023397140648e-02 1.933137402535733615e-02
3.351347870692190090e-01 -2.899783944796231749e-02 4.815068452972737223e-02
2.962361054297220631e-01 7.078819714743114777e-02 2.512599554282926237e-02
3.469829157399947905e-01 -1.221225382679776497e-02 2.677338700339022132e-02
2.869624000935439012e-01 4.729747300535102478e-02 4.619902081938059152e-02
3.361409527633938410e-01 -3.791427304033145873e-02 1.976221914905649385e-02
3.731578317128213529e-01 -8.101046255920145434e-02 2.218170105034551753e-02
3.671121374225921885e-01 -1.016005101907828112e-01 3.987848960974975376e-02
3.185323856259392739e-01 -2.363930394266764226e-02 2.705752943730727750e-02
3.383266374858675540e-01 4.533297381930320204e-03 3.679141840799508845e-02
3.911062799075418761e-01 -9.196468989843580022e-02 2.389434120182737029e-02
3.471403621523613259e-01 -1.925639527628717970e-02 2.035649081700649510e-02
3.006674215119078952e-01 6.672172831618356295e-03 3.792553979172987727e-02
3.492794908447839353e-01 -7.074793961025184486e-02 3.370127025842093588e-02
3.700146755069158577e-01 -6.425542707567591383e-02 4.860429691879764730e-02
3.398821990166429607e-01 -5.403041809312826571e-02 4.096925030763593628e-02
3.862245137017483732e-01 -7.317125078563725682e-02 3.619682982677306649e-02
3.588351225829299329e-01 -5.171752684365122504e-02 1.954727035232900478e-02
3.140395614377930467e-01 -1.492600148146076139e-02 2.532768074138131917e-02
2.506638242066356326e-01 1.085155271517834336e-01 4.464202464134015003e-02
3.845309710794480029e-01 -1.054072430630871721e-01 3.016919086962740332e-02
3.123331646758169544e-01 3.143584550230199559e-04 1.947533643740148937e-02
2.736205894953059881e-01 7.062864024683460085e-02 1.715498412793251687e-02
3.323377722719570992e-01 4.658951502758272231e-03 4.424285004599030902e-02
3.023881860036222724e-01 3.711970689253979439e-02 1.704241369293867450e-02
3.822736973566193686e-01 -6.725717323604246678e-02 3.308998684614365693e-02
2.817631922436779623e-01 3.889355380402708534e-02 2.334290756412343848e-02
3.838750469460107118e-01 -9.945294223659850719e-02 2.557335845990028889e-02
2.957527944096904338e-01 2.956349704559629518e-02 1.812002336365328009e-02
2.609140405128153595e-01 7.317577754497138487e-02 3.311823393162383750e-02
2.449781323453974757e-01 1.181000931194902681e-01 2.543025511232624436e-02
3.935671011756256554e-01 -9.568614929979803174e-02 2.551299848326878117e-02
2.702575011669797744e-01 5.807738582448543352e-02 3.807325107137631004e-02
2.912104346954448308e-01 2.791656202763486902e-02 4.189374134149263795e-02
3.257139745092301752e-01 1.275787813165159615e-02 4.458928648085170449e-02
2.571368433026305911e-01 1.250991410238976864e-01 3.291614395452290703e-02
3.059180732174891504e-01 -8.570233420675567315e-04 2.452027791768056006e-02
3.410681309161053831e-01 -2.236361046426788013e-02 1.836443180320781327e-02
3.692511784446519396e-01 -7.391130732576579876e-02 2.135971151105346341e-02
3.911483228085689268e-01 -1.077519735672858442e-01 3.164893626739394283e-02
3.845819902235438903e-01 -1.024780109297184494e-01 3.650576268309545930e-02
3.306091210152155568e-01 -1.155468454843554954e-02 4.807080947988785768e-02
3.095293714214481517e-01 -7.219977110360360426e-03 3.941340219505128084e-02
3.774031180169875044e-01 -7.442164635119784266e-02 2.169657124961084371e-02
3.476841645937585046e-01 -3.064316257934702331e-02 1.856228368011326318e-02
3.069772475255015953e-01 -4.926234384881475470e-03 2.677528810477935312e-02
3.774355385137366792e-01 -6.928488118780497251e-02 4.583860315616262310e-02
3.324574249287580718e-01 -1.193301377408271732e-02 1.814668831725882100e-02
3.142908877235381371e-01 -1.599115921859367573e-02 3.503135537193117349e-02
3.763370131561412091e-01 -5.713294513934439461e-02 3.246498218239480399e-02
3.618840795696195989e-01 -3.479424078470709503e-02 2.911635615787328685e-02
2.726411184924402153e-01 1.078235931865053621e-01 2.175127404984111140e-02
3.460233115747827770e-01 -3.685535509871681881e-02 1.894731329770343170e-02
3.027426711245230773e-01 5.165922447292835284e-02 4.387414857455610578e-02
2.586981939497505212e-01 1.238042518800172159e-01 3.815773726178105230e-02
3.380386297656085559e-01 -4.262450064467812605e-02 2.024304523168354505e-02
2.850962104687879695e-01 3.072486046902061368e-02 2.767857463246857497e-02
3.918482849283548286e-01 -9.624431154470872163e-02 4.408009428265739077e-02
2.770518917771183642e-01 6.765783924913151837e-02 1.706987201983067859e-02
3.846832935912509743e-01 -7.947620939267990847e-02 4.539481277477579874e-02
3.044159407001236217e-01 4.741436845116980131e-02 1.861571440072926770e-02
2.909467192524453627e-01 7.770310565989584084e-02 2.130590327468986911e-02
3.718672453464316185e-01 -6.288274018580909674e-02 2.093937396977397364e-02
3.011283320637060390e-01 5.922960022237724886e-02 4.117473842335132861e-02
3.732805412197424122e-01 -7.577864445227176782e-02 4.988185989717652119e-02
2.492219975372961249e-01 9.211905863758557134e-02 2.222313738670872105e-02
2.508508026434392302e-01 1.039503971626925261e-01 1.979923700260743588e-02
3.948597057026673185e-01 -9.436530573051656046e-02 4.085669507767915321e-02
3.403013104754549767e-01 -4.924928224617781264e-04 3.936523240294056980e-02
2.969614880650981448e-01 7.222403617266356934e-02 2.958840394427572629e-02
3.270964444662221027e-01 -1.600744979376154259e-02 4.756486512635912933e-02
3.425942185379750593e-01 -6.712206670573764994e-03 2.342212112453027906e-02
3.122826849886162215e-01 2.311427719929551750e-03 1.880404890695953554e-02
3.266763336608254908e-01 -3.724430584734889083e-02 2.817433073600127819e-02
3.466856264509614594e-01 -1.608362356158950235e-02 4.315819304082646468e-02
3.177661457341115492e-01 -7.003117750837485611e-03 1.906035828280312761e-02
3.507616322430768818e-01 -7.187657800958981158e-02 3.681511313462898505e-02
2.741666066609168562e-01 5.492855916179235909e-02 4.135893167671431114e-02
3.801355148099848091e-01 -1.035525465958854752e-01 3.980609754339736739e-02
3.027098647497120654e-01 3.024314312215542477e-02 4.728544257769189824e-02
3.904552400845782145e-01 -9.708218334037430064e-02 4.542208213231900549e-02
3.236516636982414985e-01 2.117182420762832654e-02 4.300801181255831107e-02
3.347553486732507411e-01 -4.944133966994797291e-02 2.802175537929073659e-02
3.516536502020811139e-01 -7.325792398647422432e-02 3.777212701264073824e-02
3.058054186141039854e-01 -2.752580081089408756e-03 3.674168420627930975e-02
3.193051724185379525e-01 -2.327116080397273121e-02 3.922944369343116244e-02
3.577680625701724626e-01 -5.640828472494388568e-02 1.967478852138293544e-02
3.783638620858285062e-01 -7.151303364817070130e-02 4.613094362185255620e-02
2.751817226738802469e-01 5.598799123939466466e-02 4.261019729779938481e-02
3.239686253938641736e-01 2.085342698481268409e-02 2.035570493010944310e-02
2.987389034030322188e-01 1.085498166104140703e-02 2.376687927306837464e-02
3.722664431361186188e-01 -5.343471247950772052e-02 4.109744300913972803e-02
3.693302018637456552e-01 -7.795915101857127383e-02 5.024696209125360802e-02
3.814377854772470489e-01 -1.026864347938037103e-01 3.825492996574464399e-02
2.721325781901396401e-01 8.164009565058491513e-02 4.632941019953296796e-02
3.006462896389059947e-01 8.273259601427095447e-03 3.972976763012490975e-02
3.813315853548455148e-01 -1.028817098801060870e-01 3.645799382671875005e-02
3.421746469066221930e-01 -2.205774876608752183e-02 4.797314719284628132e-02
2.926946199958098127e-01 4.344993347659861782e-02 4.665435020538302030e-02
3.902335084716934688e-01 -8.920475609420623619e-02 4.625740401251385303e-02
3.466514976325987263e-01 -6.462301038490672611e-02 3.943510614127929137e-02
3.692332626775456372e-01 -1.026165162165244421e-01 4.261117555371934928e-02
2.961882688529188790e-01 1.729366745723927984e-02 2.224573760608204373e-02
2.852926109462834425e-01 4.716054301192126180e-02 4.564327211485913471e-02
3.378007195442463417e-01 -5.319202425441903886e-02 2.601164492799475439e-02
3.205767372796213266e-01 -1.068516041047592145e-02 1.905502826601868441e-02
3.948142158287278880e-01 -9.134758366548204056e-02 2.743106784658364342e-02
2.700963138847213285e-01 1.126401654589458956e-01 2.266366968572980367e-02
3.158472243541732838e-01 3.983928855644437023e-02 3.836543861576420522e-02
2.631800114247536126e-01 9.570195567314630780e-02 1.661467067593573599e-02
3.668644264510294573e-01 -7.309825615509092656e-02 5.025559334109724191e-02
2.402347687948692689e-01 1.066386884526959317e-01 3.230404873507290719e-02
2.424635449553632083e-01 1.027833476962293630e-01 3.150362795812075567e-02
2.550350798553775444e-01 9.282467967710066048e-02 1.819947320073965827e-02
3.153676032196048862e-01 -3.017900227709170539e-03 1.917377431995600373e-02
3.273527416683273406e-01 -3.166198824420309726e-02 2.196628713379708900e-02
3.465086787394274226e-01 -6.757513593915537298e-02 3.014401333832197882e-02
3.281050053257904553e-01 9.414464910552238636e-03 1.789631073582806028e-02
3.489818673034745800e-01 -3.668614844316208518e-02 4.868332202713675227e-02
3.048762433480583511e-01 1.848463716068352372e-02 4.718576124053791565e-02
2.698032829101955632e-01 1.163954799740879870e-01 2.702591395749688249e-02
3.635686085041064386e-01 -5.646161318875166091e-02 1.994336112687926030e-02
3.853343404209194634e-01 -1.049401950672443906e-01 2.915867599221534656e-02
2.785794680958761926e-01 8.873587846430566750e-02 4.345025231912301444e-02
2.588225883504107760e-01 1.009038108836628894e-01 1.743557440001867673e-02
2.596379797261962885e-01 9.153117298100012234e-02 1.728434197261739802e-02
3.951598703405192481e-01 -9.452492447953618482e-02 3.657299103003971985e-02
3.295438287270597288e-01 -2.162586126873565495e-02 1.917928826972489786e-02
3.684254168573216637e-01 -1.044176291527364742e-01 3.596401506491747613e-02
3.143875617760156227e-01 3.314431496558936652e-02 1.852242260745811872e-02
3.740407730894756977e-01 -1.038464987763995651e-01 2.863767680117522418e-02
3.065170965904234213e-01 -1.172454132595460510e-03 2.385562619991350025e-02
3.120532710294484091e-01 2.367424563874466481e-02 1.717573691124859095e-02
3.779558109079581008e-01 -7.907248521864820856e-02 2.162531116185436447e-02
2.875670707977795448e-01 4.964940427970954140e-02 4.638689676270816437e-02
3.317521952519587036e-01 -2.823693402122165463e-02 4.659296295805498422e-02
3.473778158528386673e-01 -5.347505499161643583e-02 4.752519392519753694e-02
2.554004070784287039e-01 1.182641202241495881e-01 4.395445945185037784e-02
2.931357383852631893e-01 2.024014762209373763e-02 2.322784848199454383e-02
2.744344852694016734e-01 5.744011342780157292e-02 4.265692273675517759e-02
2.479884849474708886e-01 9.685671210876543868e-02 3.772169767926202705e-02
3.523266260428769558e-01 -6.288552231355841460e-02 4.769667805703196872e-02
3.374469749705268917e-01 -2.438617772862769137e-02 1.881353422393582456e-02
3.635417834134459514e-01 -3.748760727694983724e-02 3.950443313851180471e-02
3.769565321508785982e-01 -6.322190802783110575e-02 2.604470090178434560e-02
3.205248793528499007e-01 2.467357338438457698e-02 1.928395305129703904e-02
2.635982029238639335e-01 8.444549203197232456e-02 4.472437412894505332e-02
2.441560381182444894e-01 1.167067435700694517e-01 2.327452041611301897e-02
2.630204164729764704e-01 7.520743453446777915e-02 4.109418683491119356e-02
2.917546007416840781e-01 7.625146176134715847e-02 3.958157571271567199e-02
3.963228332231521489e-01 -9.102407942509707639e-02 3.225146218468026571e-02
2.796991277387387842e-01 4.185092439366622230e-02 3.286392421788286028e-02
3.791728167444753383e-01 -6.553099767499803718e-02 2.760634105720324860e-02
3.128576537677348335e-01 -1.453795668782109640e-02 2.763594222845868614e-02
2.692172644455956276e-01 9.962556035979394653e-02 4.435224069936272162e-02
2.437262820432142818e-01 1.157355937125595369e-01 2.297033630099713092e-02
3.849921404391556390e-01 -8.941994377766704361e-02 4.917972863082212265e-02
3.336622622375535197e-01 -4.644439561000813371e-02 3.844298829930641037e-02
2.817515247985811211e-01 5.874776896243059238e-02 1.727228217270215110e-02
3.791770164382460839e-01 -1.043247644962555926e-01 3.304683547639752222e-02
3.538689324369895250e-01 -7.945112091221455397e-02 2.718911323121322304e-02
3.705521762466538194e-01 -1.045609160420652300e-01 4.255313226708053176e-02
3.375415006043144261e-01 -3.689276489102236156e-02 4.764426686463325844e-02
3.659444516268901548e-01 -7.640387549596916461e-02 4.995728838614081624e-02
3.551518540610840713e-01 -2.268258878791287736e-02 3.705852055583724186e-02
3.890211039124838455e-01 -8.270557247426127412e-02 2.999054587658679660e-02
3.436518396892441207e-01 -4.837435269970890434e-02 4.737950276477263800e-02
3.857260177208928220e-01 -1.080425432153197529e-01 3.347194021495784877e-02
3.170565354662447377e-01 -9.036787807190213226e-05 1.851563373469786861e-02
3.517759327702307259e-01 -1.796563837439812614e-02 3.763469213233422428e-02
3.860020945281681382e-01 -1.064789851730340298e-01 3.094072747459144374e-02
3.093021898995637065e-01 -8.777213167308572234e-03 3.312509496629287981e-02
3.248482732319047384e-01 -8.298738729977175876e-03 1.856975638266383788e-02
3.360696511677400133e-01 7.960241939220524116e-03 2.849637387655006016e-02
3.037805124542282686e-01 5.406036109564275535e-03 4.171256138791895607e-02
2.546049875348646019e-01 1.242416059918178550e-01 3.409699818579112196e-02
3.323360982879246528e-01 -3.348726602815562531e-02 1.979760670835060965e-02
3.398928945655939615e-01 -3.236130781494030856e-02 1.916604942380542576e-02
3.206174192800615996e-01 3.402081713460927692e-02 3.275360750904696833e-02
3.242990363131468268e-01 2.477902001520131126e-02 2.556467458800711079e-02
2.620608275211532279e-01 1.079182010868752623e-01 1.637271006195424941e-02
2.727900197460981779e-01 1.082849907754758062e-01 2.353685667931167819e-02
3.669417148182289035e-01 -7.470243499631749884e-02 2.166321278030138367e-02
3.114321567459234497e-01 2.891907566212743169e-02 4.668150337268101024e-02
3.245102841045793274e-01 2.331172326712719831e-02 2.279904379562886288e-02
3.401775805383430717e-01 1.024065428159449953e-03 3.808283526923952889e-02
3.467176003488182112e-01 -2.192862705529342870e-02 4.598740385482069648e-02
2.873902591266878637e-01 6.381421436276614456e-02 4.614784919927140960e-02
3.112290988266021574e-01 4.267005813724428047e-03 4.658455716121231993e-02
3.561891439819064864e-01 -7.151457967748910127e-02 4.776658513607214690e-02
3.228346498884442362e-01 3.012127478837306124e-02 3.102089246616867094e-02
3.186513278715165098e-01 -2.285749812117300259e-02 3.713114599382208447e-02
3.422136223187883797e-01 -6.051902264585132252e-02 3.482377462001343821e-02
3.348099971880708625e-01 -2.763532334784308403e-02 4.821373883329723581e-02
2.748727977536202793e-01 1.077857694391564786e-01 2.776242933870688018e-02
3.345309465406742233e-01 -2.945252760313653989e-02 1.936868795405288085e-02
3.644088146883635582e-01 -6.411232551099428634e-02 2.031319270240611319e-02
3.202659281926787949e-01 1.740880124662726527e-02 1.713397932240286886e-02
2.763406736075518788e-01 1.031012176904862049e-01 3.843171404942630209e-02
3.059100962284914682e-01 -1.835762577322578963e-03 2.533983637318090038e-02
2.833998096017297796e-01 7.078354215126911320e-02 4.608053618970853194e-02
3.334424626859872620e-01 -4.347265264411515062e-02 2.305877458460741519e-02
3.498815632590674962e-01 -7.373221249130067212e-02 3.131753014250979184e-02
3.573266845246407253e-01 -8.578226040661224294e-02 3.540660776283516276e-02
2.780885278102300795e-01 4.318887115860780418e-02 3.100569114704723045e-02
3.329901017528426599e-01 8.787340098673891362e-03 2.269703546063821936e-02
2.776071289424340560e-01 7.191583026085185404e-02 4.626871169933174932e-02
3.595262805355284863e-01 -3.095254742359725836e-02 3.862064012261447188e-02
2.521108027911322380e-01 1.117780847906915814e-01 4.492316541270825747e-02
2.730406309457684699e-01 5.124613591959330250e-02 2.657081186791714067e-02
2.587072801629025642e-01 1.250958788336206939e-01 3.419471412439355207e-02
3.842981023214148695e-01 -1.053566139101523164e-01 3.538665255021659212e-02
3.391614025223194107e-01 -5.419094238620744686e-02 2.474550508434991691e-02
3.870354231261274314e-01 -1.068046559583922250e-01 3.607055496624171631e-02
3.368498386487902008e-01 6.536048133257663616e-03 2.840849839552703204e-02
3.543673173153254474e-01 -2.082665943588721605e-02 3.109931130188303694e-02
3.371601142953419283e-01 -3.344678757654213908e-02 1.943127059421672145e-02
2.959787729875181794e-01 7.189661632757030074e-02 3.720664926346083090e-02
3.197723722486172093e-01 3.126018898296159532e-02 2.748813087372222255e-02
3.735139688108502498e-01 -5.536730314912621798e-02 2.879794338903711448e-02
3.226720858408553827e-01 -3.141861513162599179e-02 3.634853985689620592e-02
2.983761338914991956e-01 1.054447192774140597e-02 3.818439809209431268e-02
2.842121310243184151e-01 5.598408562506526631e-02 1.725297613830553689e-02
3.703954286622929137e-01 -1.055135695748461305e-01 3.359604628747078769e-02
2.646739641289757583e-01 1.242836715533323783e-01 3.165755996592223287e-02
3.253585180565761181e-01 1.811021117590283763e-03 1.753073660299104761e-02
3.539113632019688094e-01 -8.072619411447784499e-02 2.869061650808425734e-02
3.315744577269921778e-01 1.643737696923607688e-02 3.086352606235154630e-02
3.154529391108723546e-01 -6.909363246027188168e-03 4.517310419153411361e-02
2.806900886642682558e-01 4.129846893829147714e-02 3.828563191187936421e-02
3.054060895034679812e-01 -3.238935077714413108e-03 3.157380047060040495e-02
3.589472820333043934e-01 -7.946552685011920580e-02 2.337043124100048053e-02
3.613017880785485136e-01 -9.030792614885352343e-02 2.737170157954941022e-02
2.596338832911065375e-01 7.532749723498345651e-02 3.291246265128039417e-02
3.149296758355195625e-01 3.858912529530161145e-02 4.040498530215712314e-02
2.713677142232972517e-01 5.617692722942155964e-02 3.688551348760028825e-02
3.756362206980575769e-01 -6.610900013218809490e-02 2.237750432071745205e-02
2.575378091500424849e-01 1.028660523350760359e-01 1.760199579741674944e-02
3.197713121283161652e-01 -1.480173567886827399e-02 4.503936431952682007e-02
2.995743074339221601e-01 3.764439159683443531e-02 1.726065764980771328e-02
3.391715855068841434e-01 -4.063340265578077593e-02 1.966965029674169058e-02
2.843956246235489482e-01 8.956543411750195194e-02 2.358422954015981787e-02
3.580338721211180353e-01 -2.881586542576504428e-02 3.920457983369884242e-02
2.953653518131120204e-01 3.555997964787321886e-02 1.774054203744857006e-02
2.608064402713123342e-01 1.192991123855070973e-01 4.194269965867332417e-02
3.065563679275880582e-01 3.407767573651788312e-02 1.697682129729021980e-02
3.622882281574000274e-01 -9.509784396277616569e-02 3.565110284297548504e-02
2.907391117868147745e-01 4.945234356476269078e-02 4.669604044371865326e-02
3.437025272788056807e-01 -1.600888511957460070e-02 1.883483190406431626e-02
3.500297158852471169e-01 -7.312143655008736254e-02 2.714437455470952720e-02
3.826879930207487401e-01 -8.802309248549118614e-02 2.215016356182727617e-02
3.021275157918226206e-01 5.442791488427863728e-02 4.310175745865634650e-02
3.104601091041021554e-01 -1.041142636217049465e-02 3.521224496811524440e-02
2.602542038654402923e-01 7.342138397916052328e-02 3.156766356190104927e-02
3.351509364223416165e-01 -4.230967227412519432e-02 4.439331425253507935e-02
3.188640751218517200e-01 1.548296976173445076e-02 1.711213289881943767e-02
2.594650331092865914e-01 7.442040498911155211e-02 3.057476937389252275e-02
2.728862038374139098e-01 9.912182053753640365e-02 4.260683171700163641e-02
2.828385997566648102e-01 9.600354046319466150e-02 2.913117034405630218e-02
3.615427964721372178e-01 -3.803585649728096624e-02 4.250582335693006697e-02
2.661066369352247940e-01 7.856027151679385867e-02 1.706275618293274024e-02
3.127703969965076602e-01 -1.368891095876094074e-02 3.498839318350399630e-02
3.707207908269624652e-01 -1.010541895751366354e-01 4.538534505365914018e-02
3.408629218636398672e-01 -2.753389635971673077e-04 3.831592836382496231e-02
3.586828013422155292e-01 -3.901535034289494580e-02 2.083038909524576737e-02
3.708666514551363091e-01 -5.137775778361444029e-02 2.755512287461418103e-02
3.788164525488221801e-01 -1.029392349970015413e-01 2.704394557069145222e-02
2.649239410113353732e-01 1.158997541741995096e-01 4.066663527112877874e-02
2.961521781690903410e-01 7.058304659072850429e-02 3.848050202232582151e-02
3.083112661260054010e-01 -6.999426779926570807e-03 3.540635778445194726e-02
2.949145743328436264e-01 3.021817318324944435e-02 1.813757385543071990e-02
2.583873202545800551e-01 8.991656287947438764e-02 4.418079532684845989e-02
2.775274640228158618e-01 1.017762833374357134e-01 3.791249535148585176e-02
2.743866418884737257e-01 6.726222543900822748e-02 4.545383820958213972e-02
2.988089827492045880e-01 2.826593701031123590e-02 4.659857001735980692e-02
2.969216472955844011e-01 6.031876363803693325e-02 4.347221041493910809e-02
3.686126760907006972e-01 -9.301498786286828413e-02 2.453253425432645393e-02
3.323360413558675841e-01 -2.181369494303318085e-02 4.837638376558458381e-02
3.025078191651994208e-01 1.361137622992541693e-02 4.426641702043569021e-02
3.374166790909184366e-01 3.254192885611489894e-03 3.992341212369104886e-02
3.305402806695306173e-01 -3.718901287553560281e-02 4.340153631125261147e-02
2.717402558415611957e-01 5.623129663163251024e-02 3.870541331822065917e-02
3.587954558628728141e-01 -6.100007163502280116e-02 4.985472720874595948e-02
3.757009103471657951e-01 -9.584177270773147628e-02 4.987770993800681729e-02
3.459630110249755086e-01 -1.247623589450808437e-02 4.191234898210209614e-02
3.622344334017568723e-01 -6.735301742228012867e-02 5.024165131154630093e-02
2.906575875629059391e-01 4.072972900368159593e-02 1.785400662111357589e-02
2.897200174734268496e-01 7.317103334070872156e-02 1.645043664306383019e-02
3.212983480804570413e-01 -2.950430746349089889e-02 3.294117993755968365e-02
3.657870450479261959e-01 -5.136867194855480878e-02 4.629859655154693054e-02
3.622722456649749567e-01 -6.510618904980074173e-02 2.030461841147869484e-02
2.981159877078827791e-01 1.084789961495990010e-02 2.486132472953762537e-02
3.001539265556577574e-01 3.834242334800799790e-02 4.707163220521114189e-02
2.618546044829948016e-01 1.182329015657479360e-01 4.158969692588473238e-02
3.596743284144275354e-01 -6.151177961792440863e-02 4.992658003332874073e-02
2.999434657131107573e-01 8.160420298666521896e-03 2.509779661947483115e-02
2.525616495586692767e-01 8.646833140922162431e-02 3.223510949580829510e-02
2.716723734393675094e-01 1.142023283712171322e-01 3.307858694415646839e-02
3.043447411879286468e-01 4.875317492841725608e-02 1.856077563621993942e-02
3.123866556473730571e-01 -1.312962518645583929e-02 3.570503050859814842e-02
2.462509688861220791e-01 1.190225884766814152e-01 2.855280317452959377e-02
2.886082014228144588e-01 4.688161927297442716e-02 1.772366798343645924e-02
3.393046346647070610e-01 -1.252831833412592494e-02 1.769038338966026983e-02
3.309921808632381723e-01 -2.797486223497797769e-02 1.951577015675744903e-02
3.519880721632207554e-01 -1.999030758604143643e-02 3.942501375771601674e-02
3.269766533821769072e-01 2.127036944267364504e-02 3.866191939894620538e-02
3.364819348225198681e-01 -5.176040627844286091e-02 3.758414182768481104e-02
2.588775514089483032e-01 8.918485672511318463e-02 4.417283613098711703e-02
2.847900581632695771e-01 9.104599767944980548e-02 2.680970138060170121e-02
3.650687791698113971e-01 -6.825135047014731227e-02 2.065991142190041346e-02
3.457226579373867681e-01 -5.442933475581205466e-02 4.653321947162247091e-02
2.451714450043595561e-01 1.008335159575877438e-01 2.384859899782072745e-02
3.133824554291914088e-01 4.339932350041410258e-02 2.775265308259813879e-02
3.492635482794634316e-01 -4.463939240967110256e-02 1.912537877585345283e-02
3.590616968324108482e-01 -3.675716278761252676e-02 4.414430097612777326e-02
2.897380977610108932e-01 7.099484714275694497e-02 1.572073654556769770e-02
3.607298749447128694e-01 -5.912714021216500249e-02 1.991633064933251429e-02
3.250986049639753572e-01 -1.698661075148482497e-02 4.696113059700840475e-02
3.383468502795139998e-01 -2.661929446381294459e-02 1.890439674696925768e-02
2.724827392679845528e-01 8.020169578287725254e-02 4.622365976847565838e-02
3.062569958791486191e-01 5.138840469671974304e-02 2.183488248803812370e-02
3.739756694145045524e-01 -6.562781907222629829e-02 2.134298673634597854e-02
3.284403990987083133e-01 1.770182420110201146e-02 2.405852682314107982e-02
3.363372706877784668e-01 -1.260485428606810190e-03 4.360553699966857738e-02
3.521445669209957718e-01 -5.620386639170986409e-02 1.962455514703263793e-02
3.828025865400556671e-01 -1.016631620323029811e-01 4.691320601086416964e-02
3.668616650551516090e-01 -6.022613779044841409e-02 2.025046408288808109e-02
3.434056061150994044e-01 -5.674602462478699205e-02 4.373362261432228726e-02
3.719504250507167376e-01 -9.193227292293043584e-02 2.329325580840387044e-02
2.928068009609242073e-01 2.196618638442088961e-02 2.211794931982316234e-02
3.640705453719737528e-01 -9.238985526993481745e-02 2.621627981298241261e-02
2.869057314622674992e-01 8.394866747744214597e-02 3.958246477445716283e-02
2.524760968442484321e-01 8.751110522403295067e-02 3.437586049306062819e-02
3.285589360014098403e-01 -3.764585080870627709e-02 2.468520829905669275e-02
3.401936088089898558e-01 -5.563831082723005861e-02 3.923995245437363055e-02
3.614885521909430577e-01 -9.364502339414962351e-02 3.619676232898774021e-02
3.272684212790668568e-01 2.642312894088014522e-03 4.716050534750670237e-02
2.812101678876879896e-01 5.050467092224848048e-02 4.419752910807302898e-02
3.702591066330560565e-01 -9.196042420190950195e-02 4.859213741411218257e-02
3.331678507289089208e-01 -2.630435490085117692e-02 4.774518403832109931e-02
3.483138445557663609e-01 -1.334836789642726909e-02 3.900891097854958939e-02
3.830207114344398311e-01 -7.228989533876808982e-02 4.245851316654077751e-02
3.169597348994928621e-01 -1.794046786497851750e-02 4.041409766705424123e-02
3.701606595128386634e-01 -5.919836575863030026e-02 2.114874836940914410e-02
2.808129253004316150e-01 4.544721530419444655e-02 2.003089766029208033e-02
3.350192305179833796e-01 -2.954889981129795590e-02 1.934096843116452427e-02
3.218094686174391428e-01 2.493681360393160823e-02 2.038944592201621595e-02
2.421748982700870356e-01 1.161854757029312651e-01 3.359758722583801316e-02
2.872035382947362714e-01 7.382889625045899185e-02 4.420501102841606356e-02
3.795505938731687512e-01 -6.298762954939164660e-02 3.181419322525899651e-02
3.659103001252619336e-01 -7.767406553316683060e-02 4.985879584173244505e-02
2.597415268983081504e-01 9.477198085568139252e-02 4.510774388199306761e-02
3.253165344486197430e-01 7.408815981471351259e-03 1.720011536215501277e-02
2.787543120420902243e-01 9.629597446518380066e-02 3.960367413058388242e-02
3.189495930687925029e-01 4.116564221644580801e-03 4.870076105634411900e-02
3.159476502603458803e-01 4.235023846422786287e-02 3.428285426222014293e-02
3.577284029817364153e-01 -6.893802409175486812e-02 4.919178132819815308e-02
3.352279634514851447e-01 -3.477425632614993684e-02 4.702272349361202863e-02
3.351055772132948696e-01 -4.122231858712076952e-02 2.077406878137857960e-02
3.505526925539505512e-01 -3.502162530315816591e-02 1.873618724411757475e-02
2.818043525852515496e-01 4.557708402360242939e-02 1.930134834348718603e-02
3.282074957167681051e-01 -4.941291754091395663e-03 4.786664769517691431e-02
2.501231388759773688e-01 8.927690701533506912e-02 2.287219221333092883e-02
3.011245659966254040e-01 4.449169442828436460e-03 3.595968721620818043e-02
3.764980228477373680e-01 -1.034568233946523835e-01 2.735141067866834336e-02
3.472210963758637359e-01 -1.024083270458549938e-02 3.711552248762339107e-02
3.019185831791936225e-01 4.682210397476349595e-02 4.582669701801711515e-02
3.172331557984955364e-01 3.346310822610112923e-02 2.450672034445751032e-02
2.633540203060333318e-01 1.044440928553160008e-01 1.605775050802303941e-02
2.926002909831958432e-01 2.106570160808355838e-02 3.902351787746394240e-02
3.402969794594988828e-01 -1.957313641912853536e-02 1.814028683388679494e-02
3.135451873047422344e-01 4.339660947054342632e-02 2.803839807854399332e-02
3.798715600170908258e-01 -8.323298208531314246e-02 2.184058345582524929e-02
3.864307544503091663e-01 -9.993807443883152841e-02 3.759786449758333732e-02
3.496037621718095512e-01 -4.740243186577500212e-02 4.940624298947854376e-02
3.918235247911518448e-01 -9.532889595948218497e-02 4.754519777743881903e-02
2.999584944756515381e-01 6.510406484137936170e-03 3.542881900144834173e-02
2.602044982003590690e-01 9.451668173356089775e-02 4.520152856537323904e-02
2.554290261291165542e-01 1.246757134590805033e-01 2.745176797800908536e-02
3.430280136676535085e-01 -5.862956137239112853e-02 2.363881100150081252e-02
3.340009892582559425e-01 -4.159532994889566376e-02 2.148233024845227351e-02
2.626805720568952673e-01 7.115241363119999274e-02 3.558433577480191179e-02
3.617495263159964392e-01 -8.767556207723599393e-02 2.530055343572479992e-02
3.099994265890901324e-01 -5.350394292402962590e-03 4.132787886728234161e-02
2.845276348999886684e-01 4.596257342670320711e-02 4.511811748507650599e-02
3.406561991501076969e-01 -5.921004105280576468e-02 2.925095496994737504e-02
2.473554398097325135e-01 1.196571815824817170e-01 3.200272557319867872e-02
2.834257528434176443e-01 7.910855552755784170e-02 4.469141181965406717e-02
3.276066411304349724e-01 -1.311830082065847461e-02 1.872815576845147240e-02
3.624239205806520925e-01 -9.509913805400602160e-02 3.684054511620844796e-02
2.537105971078953415e-01 9.013598813346711258e-02 1.860925799891665483e-02
3.210829037140825459e-01 4.256818946807812594e-03 4.853609594600472033e-02
2.916310078578344678e-01 7.908718151251419026e-02 3.757954104337399986e-02
2.835169143647828238e-01 4.143371573102998251e-02 1.982418257272201487e-02
2.501415738580496928e-01 1.088210611044803655e-01 4.448952000914982441e-02
2.586178883002184237e-01 1.140491703533779710e-01 4.449225459152387346e-02
3.467142357715771173e-01 -1.677534086849444619e-02 2.111148357362175113e-02
2.541981390693611176e-01 1.075742003205861080e-01 1.810386833453479435e-02
3.237251626731263987e-01 2.905913342889843848e-02 3.117541095297984843e-02
2.851602702846421367e-01 3.721379104829134615e-02 2.042391565516132532e-02
2.764347106288776446e-01 9.382392257729992024e-02 4.280762542998940018e-02
3.179016106530635488e-01 -4.160598788671532322e-03 4.640807159393137149e-02
2.726121230272673390e-01 6.856456796100764139e-02 4.507936354144150698e-02
3.672944724808444028e-01 -7.903862772364445011e-02 4.999249038823333491e-02
3.238619498627137161e-01 7.865124056604801822e-03 1.719563860797650168e-02
3.077876312327138542e-01 2.099591088533125233e-02 4.761519181020940072e-02
2.585491347193695222e-01 1.048844298722271390e-01 1.684218459412444371e-02
2.949469558147885251e-01 7.551980563993727913e-02 3.485185819650422900e-02
2.613955790694371117e-01 1.212470400924659936e-01 4.049778279030694095e-02
2.935512717614263689e-01 7.721958690617843069e-02 2.696718207436121437e-02
2.393627782252885083e-01 1.117276258470434741e-01 2.839437364812268105e-02
3.257792650433705139e-01 -2.707927356066636843e-02 2.045919541173973205e-02
2.659488323048900815e-01 8.164154285073628448e-02 1.692237766275401720e-02
2.917734271625122000e-01 7.751980362221140564e-02 2.290654543727898423e-02
3.178360601192640189e-01 1.710617586075827146e-02 4.679839134730101602e-02
3.508166947612391673e-01 -5.037718025021541840e-02 1.931968731951873991e-02
3.112713368172394524e-01 3.973279747643414933e-02 1.906263704180520893e-02
3.834741468992250990e-01 -1.044278730695874929e-01 2.880154328095593796e-02
2.996045347191453323e-01 1.594633671374940179e-02 1.835158949416556065e-02
3.169025352424303943e-01 3.414945064228085830e-02 2.137848126732549286e-02
3.283063636220490689e-01 3.953019791866173652e-03 1.741499706464488817e-02
3.925938651324905604e-01 -9.719255850051498891e-02 2.555544534751586286e-02
3.290444468670277733e-01 -2.439466650440576603e-02 1.940565031859003628e-02
3.238451276678391277e-01 -1.653630609551532890e-02 1.922900070206372269e-02
2.945944962012598811e-01 1.772758122777130796e-02 3.845781633880007711e-02
2.945322202984793081e-01 1.512589300229910151e-02 2.761768478090369239e-02
2.707253666640798695e-01 5.699555053727511228e-02 3.428955211204152975e-02
3.694662442280472470e-01 -4.538056140758775503e-02 3.373521749085594407e-02
3.821377609111987206e-01 -1.022565108106555654e-01 4.095390150204777924e-02
3.091546801148921664e-01 4.630911046148964566e-02 2.030598758379639421e-02
3.145825624198579362e-01 4.086595232484810380e-02 2.718827216247185485e-02
2.449527114980158959e-01 1.180167637933152297e-01 3.610420073505414551e-02
2.831581090959984226e-01 9.273132396804034672e-02 2.577528517393036511e-02
3.560428885690001266e-01 -8.392012233895976281e-02 2.902207438081301147e-02
3.847531791317309047e-01 -7.091726805316946047e-02 3.638147103986957148e-02
3.282293678821905369e-01 2.119600358204222143e-02 3.623787363386695576e-02
3.379712411120325277e-01 -4.999236072611860926e-02 4.258458871956435909e-02
2.607870069356518772e-01 1.007225407398117667e-01 1.668360915273836217e-02
3.487723044469698275e-01 -7.147825078465838700e-02 3.091211408844900255e-02
3.363509567350021490e-01 -5.156580520232687675e-02 2.705696588158266330e-02
3.101205605636699891e-01 4.254128541741963865e-02 4.294829856563608939e-02
3.188690125232742090e-01 -2.378657422617285952e-02 3.455178501507216032e-02
3.396673914102726344e-01 -3.536860459677126228e-02 4.840765545475118198e-02
3.828428365636596387e-01 -7.512499903061958806e-02 4.466352398373235610e-02
2.456984195992869546e-01 1.010447988010664683e-01 2.267521699275872049e-02
3.411585650052509355e-01 -5.361787923915690285e-04 3.037348434074920583e-02
3.378874646317290287e-01 -3.445898210868422046e-02 1.943132647959899123e-02
2.475012990388339718e-01 9.569656032907233878e-02 3.398313983610989908e-02
3.924255355501303222e-01 -9.656809010791249370e-02 3.399150222240485131e-02
3.396755021616129633e-01 2.840795960167728437e-03 3.132268870475309053e-02
3.214778309978134629e-01 -1.288230103213790570e-02 4.644358940970327865e-02
3.340213146008715883e-01 7.933922059256222695e-03 2.335183903339444617e-02
2.893782912153947673e-01 6.966616450832620322e-02 4.437665083904673152e-02
2.622805641863847348e-01 9.297832943366687863e-02 4.535258744212442017e-02
2.987373645302963676e-01 9.233764174940733982e-03 2.601674654932028402e-02
2.868146153794940423e-01 5.503182340263051281e-02 1.710270301682724481e-02
3.525937214644919715e-01 -5.146234385979420872e-02 4.942546061445005773e-02
3.140981718632522846e-01 6.730610561661850427e-03 1.827174779664210089e-02
3.115640302334338751e-01 -1.052363432222919691e-02 2.424026608613000927e-02
2.817424088347712519e-01 7.559928801460860659e-02 4.566724384489720401e-02
2.670514691680381802e-01 6.240690686596861436e-02 2.201415156886640453e-02
2.995774723945316964e-01 1.115058736690616691e-02 4.075575286587203305e-02
3.324437920387367518e-01 -1.875601421023099027e-02 4.862370679899311043e-02
3.516387243402154805e-01 -1.908787976825015997e-02 3.899734413745328115e-02
3.395815486773207104e-01 -9.021817560614027107e-03 4.509135595869213919e-02
3.610143494725399638e-01 -7.255628747036962922e-02 2.170641795760161821e-02
2.709338000699661464e-01 6.930899055671756182e-02 4.455449107643399964e-02
3.607797107791260727e-01 -6.026407960944572817e-02 4.993847660708720937e-02
2.886646616491451711e-01 8.503530570349168705e-02 2.632274867711377475e-02
3.703495875232282741e-01 -1.069185701562500590e-01 3.772580898752081469e-02
3.062773001723894106e-01 9.938381750959339456e-03 4.513482986519036511e-02
3.467428821354293644e-01 -4.472653568870119806e-02 1.932038155006964367e-02
2.657862480513338843e-01 1.050206165075237980e-01 1.508619869346180045e-02
2.467043189582789897e-01 1.193061986341449610e-01 2.760315244704580895e-02
3.508890195413689739e-01 -1.675689894771234534e-02 2.872633903434099883e-02
2.961859046624460978e-01 1.180542306155003308e-02 3.075852870206915307e-02
3.798067643157381212e-01 -1.037397137695766636e-01 4.215348940315825910e-02
2.719043996158060361e-01 1.109828236410930896e-01 2.548016716964109085e-02
3.670066383939643573e-01 -4.660062150140510673e-02 2.453302416550135270e-02
2.997762497791550684e-01 3.007482453641746600e-02 4.701122110940072346e-02
3.458076275760972873e-01 -3.580187239966733936e-02 4.875689961426604713e-02
3.431576881939375490e-01 -4.267400663718745601e-02 4.813697975049895106e-02
3.390302102187269795e-01 -3.134673388076513606e-02 1.917607995766792625e-02
3.214478535060832920e-01 -2.732074358728256436e-02 3.960211205387291489e-02
3.730766319689491350e-01 -6.660574972269189820e-02 4.731229357300566901e-02
2.627843484898209625e-01 8.619419177374920693e-02 4.479379876858106957e-02
2.460296897786561354e-01 1.172656877451895840e-01 2.178732312003207536e-02
2.930112017776832500e-01 6.002386676059436738e-02 1.650195314902437593e-02
2.685696052285323487e-01 9.749212904927792578e-02 1.610155112766977620e-02
3.319381051889890299e-01 -4.188099045458531372e-02 4.090540547185655962e-02
3.862619028799816334e-01 -7.616271062281117221e-02 3.050423306387679834e-02
2.700191831917680974e-01 1.171092909869755339e-01 2.918996316427430876e-02
2.515166417803452181e-01 9.489421912578886731e-02 4.144063229541954108e-02
3.663862993170069471e-01 -4.617362166833167275e-02 4.289205565937646153e-02
3.183618159343789000e-01 3.094405045476010183e-02 4.143366808854902217e-02
3.714545313958596551e-01 -8.306014616294603303e-02 2.253434717894522293e-02
3.964594590629586524e-01 -9.284640586118732275e-02 2.847767892500575881e-02
3.139627520965959651e-01 2.866402863895051861e-02 4.558839936650649349e-02
3.780936124694199707e-01 -9.345049266912505703e-02 5.036955029022640445e-02
3.212150775540869585e-01 1.065399469152225609e-02 1.723969623605454624e-02
2.564315109285524308e-01 1.181759018226976182e-01 1.787597827144894735e-02
3.688637954237304339e-01 -7.616606075533159659e-02 2.178443763272598296e-02
3.003810935818965744e-01 4.604876362485803287e-02 1.763133437552439134e-02
3.931140419627571769e-01 -8.682047823710896395e-02 3.274503153851681531e-02
3.321851329154914545e-01 -4.845803758842101225e-03 1.753807576875806087e-02
2.976419707139904558e-01 5.137947623337418834e-02 4.617567447186962659e-02
2.468151505297030701e-01 1.192454170147482506e-01 2.535601913774033697e-02
2.722440898559397304e-01 9.717376242050522472e-02 4.373880379609242086e-02
2.650752668511742183e-01 9.458287482597341200e-02 4.550670107700045819e-02
3.301639792350045677e-01 -2.432436681688526434e-02 4.711745099946044318e-02
3.550305892195149138e-01 -2.883415566619586951e-02 4.280733188059535760e-02
3.401902327805077508e-01 -5.326472221051588990e-02 2.277586995149932791e-02
2.522220645165993980e-01 1.203821005932555060e-01 2.002193658810234866e-02
3.694815119112204727e-01 -1.013726655109797176e-01 2.933025526457600646e-02
2.574713313055863595e-01 1.101137241725986399e-01 4.509364789102043858e-02
2.865830240472884705e-01 5.024324538057507034e-02 1.767952446648214659e-02
2.981449832174832837e-01 6.377190817625189023e-02 4.113288261335082407e-02
2.578764949550790830e-01 1.158015438725181062e-01 4.445284552265969802e-02
3.452748119258324810e-01 -3.053646149672229609e-02 1.866071389061069868e-02
3.736914761503795090e-01 -8.447881291699536888e-02 5.059137033557196267e-02
3.087576191804604075e-01 -8.423266550554191212e-03 2.823860144362598523e-02
3.619311244577674280e-01 -5.712707338653599115e-02 4.952086146840248282e-02
3.627570210440596021e-01 -9.581712204487227713e-02 3.419021959650937748e-02
3.438975805210288117e-01 -6.348910786019468233e-02 3.327007788496712248e-02
3.779286839196782100e-01 -6.176730837290127230e-02 3.006130231431157832e-02
2.402569579992029358e-01 1.079904848281114105e-01 2.877486365742423433e-02
2.777945997963022773e-01 6.789576124931231971e-02 4.604739153887191239e-02
3.852140634864940072e-01 -7.656728665710269000e-02 2.603169441475257709e-02
3.002927048591665371e-01 2.720950061561695776e-02 4.679218868846266727e-02
3.869660955722977191e-01 -1.061024098743919425e-01 3.017392459022663620e-02
3.495293042467450539e-01 -7.335136356046964567e-02 2.908823887843577441e-02
2.507982049599551400e-01 8.987877364392378443e-02 3.317681846614467522e-02
3.405883469978384648e-01 -5.322062470980978843e-02 2.232838171045628539e-02
3.298183278906797744e-01 1.586806527088219926e-02 2.513933245572941982e-02
2.863172029609191149e-01 9.053404294461632473e-02 2.940601349089327216e-02
2.475353151873466162e-01 1.023971113761094759e-01 4.146262789122662912e-02
2.673982837355591835e-01 1.069954560315808101e-01 1.527708775321562351e-02
3.917440432025709462e-01 -8.526916111161782219e-02 3.265418347392929493e-02
3.337623463978147131e-01 -2.077627040965176683e-02 1.882363829029161037e-02
3.466638993637349286e-01 -6.803312772946956688e-02 2.813892251232925565e-02
3.564098249098486826e-01 -3.340826829148140636e-02 4.470063451805632304e-02
2.986791444271424401e-01 6.072018099716112310e-02 1.836926047602505455e-02
2.939928788157584183e-01 1.618996536558271054e-02 3.247703270603240211e-02
3.707187412059257392e-01 -7.951307076134485341e-02 5.027967058954029705e-02
2.966085623511021119e-01 1.571755629893873199e-02 2.279250579451679026e-02
2.865706262918509828e-01 8.504610299388591643e-02 3.927962020854888769e-02
3.848066895422473932e-01 -8.871013503022039115e-02 2.236787421441509272e-02
3.262428177804454488e-01 1.011809292409409505e-02 4.554386090163574374e-02
2.959492372712156927e-01 5.768026327721377522e-02 4.528216775446167186e-02
3.768842240324411508e-01 -9.977836762543841609e-02 4.943243075793729568e-02
2.973687503829559042e-01 6.959193000848783173e-02 3.779189486569545925e-02
3.539875153357592841e-01 -7.702581135725523886e-02 4.051139132976460527e-02
2.677559815453577907e-01 8.622011971749139747e-02 1.660769244331271668e-02
3.664244635868901256e-01 -6.366206865040226204e-02 2.037648306796729231e-02
3.131292272908123286e-01 -3.533556618582381695e-03 4.506452987473161947e-02
2.694698793751613142e-01 1.006051891595180908e-01 4.395661007766341055e-02
2.706945181229236663e-01 1.018705887767757529e-01 1.585468553253180715e-02
3.262183316890192031e-01 7.388630538183641946e-03 1.725157051353435819e-02
3.600663414678327290e-01 -8.447503170881821843e-02 4.444284300011882433e-02
3.003720886368304588e-01 6.360174834261267396e-02 2.799410202708752654e-02
2.964800614367843479e-01 2.814097895987655723e-02 4.583926944670221881e-02
3.264717302812482069e-01 1.786912548482134239e-02 4.206498436713400346e-02
2.560351683051134142e-01 1.160564426749961103e-01 4.462464964749733587e-02
3.484912138330928943e-01 -4.160264270102417838e-02 1.901879040789707445e-02
2.905177671620815527e-01 8.190613125518513005e-02 2.620729487493676790e-02
3.507713335421274170e-01 -1.576650047025164939e-02 3.728669552455587261e-02
3.301001583926196914e-01 1.634944126038020279e-02 2.661133705424686621e-02
2.654589911350329068e-01 1.074940658483148903e-01 1.539616046561123781e-02
3.077508314687470437e-01 -5.586847497588370501e-03 3.717547520607409478e-02
3.460769951952517021e-01 -6.270194412347276924e-02 4.222006471299065422e-02
3.067748648004411938e-01 -5.328130065983045782e-03 3.008781645538166627e-02
3.086831324565600387e-01 -4.167103968657534518e-03 2.294452919421527057e-02
2.399652146168298472e-01 1.094758451248386139e-01 3.653335322995474033e-02
3.781404009941050082e-01 -9.270597334498344166e-02 2.274509629845443762e-02
2.456984761559296571e-01 9.750694635206531846e-02 2.977138111352607697e-02
3.547859115678035358e-01 -7.412486788216250677e-02 4.537540924656932595e-02
3.592446895570911569e-01 -6.067288374713615540e-02 4.991012161613372911e-02
3.839028613234468645e-01 -7.566014327244927062e-02 2.451636358612567512e-02
3.604406694089916097e-01 -4.130171023198433988e-02 2.116039369733004050e-02
2.822328986653680483e-01 8.723916277336250802e-02 4.165392412067951688e-02
3.477502587667956613e-01 -3.179858205664638782e-02 4.824232422119624497e-02
2.820482727703345072e-01 4.134528555252271753e-02 2.099863743750966794e-02
2.670513341641709837e-01 1.204493828574053071e-01 2.570862119199894547e-02
3.024488105005426197e-01 1.844138763641847700e-02 4.612933434518366738e-02
2.525800483910554672e-01 9.841280382366252022e-02 4.339787730665138621e-02
3.483163343092874342e-01 -1.216226067594560270e-02 3.747534149904990786e-02
3.171825348195671523e-01 -8.528042212058637578e-03 1.963444825681122385e-02
2.891589451546685563e-01 8.362848380389686920e-02 2.552577634692022174e-02
3.596068299375548283e-01 -3.712745768188157464e-02 2.248752024314631254e-02
3.509761056222485687e-01 -2.146955567055684744e-02 2.280245470506155059e-02
2.631800751487964329e-01 1.185281044873804923e-01 4.049466539994470149e-02
2.441884293342012624e-01 1.171744002195863471e-01 3.807736492918299687e-02
2.452004793677975414e-01 9.837463077631511399e-02 2.646886690654066260e-02
3.550230504853562619e-01 -7.910614690308083452e-02 4.049432930188979346e-02
3.359784988151134355e-01 7.030926549797758378e-03 2.672862210278353565e-02
3.251214713216251662e-01 1.034850375578319666e-02 4.597681240838972366e-02
3.873253846582638271e-01 -8.270174820972121810e-02 2.364717442135641501e-02
2.972462014623152848e-01 5.503894521302968301e-02 4.567610145628697715e-02
3.741252634963804224e-01 -5.336715783539668079e-02 3.344927775693774807e-02
3.759661938442374618e-01 -6.306115912667521750e-02 4.380913648225127910e-02
3.562952749689489718e-01 -8.005162926530692835e-02 2.484586271902207433e-02
3.774907488351907370e-01 -5.861588851361143604e-02 3.795482749753702201e-02
3.234324607467017332e-01 2.353749238080955070e-02 4.170197880840700866e-02
3.784018006817588820e-01 -8.700832399290457653e-02 2.220542149556331904e-02
3.109353543719349799e-01 1.303754311044514821e-02 4.746662920705198296e-02
2.752869256704978951e-01 1.070127074982715337e-01 2.762276706501551327e-02
2.435830247987000874e-01 1.075828286589952942e-01 4.076706722353229395e-02
2.748158756651959411e-01 1.093005410181961679e-01 3.377248084821905111e-02
2.842586168133534597e-01 3.627114938925000975e-02 3.981978774973103652e-02
2.838527976213339188e-01 4.740977875844622907e-02 4.491568515670454897e-02
3.357115279083252579e-01 3.504848604587805679e-03 4.197425184285717009e-02
3.139485602448013335e-01 1.182606727385395427e-02 4.791505311767783187e-02
2.962982107893585848e-01 6.763942579301532310e-02 4.101947274228515822e-02
3.288819702366105879e-01 -3.508617892511846359e-02 2.252248924504551136e-02
2.720298689894776190e-01 1.068024095794692513e-01 4.011284814799024462e-02
3.774419837825427892e-01 -8.223411146611918354e-02 5.007365689723856927e-02
3.632005488354764777e-01 -9.658788548364713455e-02 3.586259945327551629e-02
3.465958972160658735e-01 -6.274211260431397652e-02 2.308398602258238119e-02
3.420296031284791316e-01 -1.813128180576849269e-02 1.795376221130080482e-02
3.030634384865539821e-01 4.963435066896736830e-03 4.055897692424648149e-02
3.511833876119431763e-01 -4.221124893633371872e-02 4.911810804683051229e-02
2.706501189306576016e-01 5.762996267642259834e-02 2.116234915594680799e-02
3.699026452118058805e-01 -5.249318204203771987e-02 2.384138397329326614e-02
2.913360062353203550e-01 6.743472068872945202e-02 1.602491762661419766e-02
3.822072106648467527e-01 -8.811648092668220023e-02 2.210205702173106274e-02
3.333084354083076795e-01 -4.736096503240232181e-02 3.458755091533204096e-02
3.341950134166755682e-01 -1.165937815685443371e-02 1.792842320020116009e-02
3.594561333322612851e-01 -5.958219851032785230e-02 4.992822888321498537e-02
2.971542313049280182e-01 1.807961543330898271e-02 1.921804799821257015e-02
3.024434375697114818e-01 1.092955365361577419e-03 3.312273643707841497e-02
3.092641605350684997e-01 5.073219375135559067e-02 3.679621608170672437e-02
3.487732058000401203e-01 -5.398495122090234133e-02 1.997319233400278449e-02
3.605304341488997366e-01 -9.157838684328457879e-02 3.113108209686721653e-02
3.811237218868950283e-01 -7.219570457406852826e-02 4.448232782374451910e-02
3.530784238582168055e-01 -2.911956884990560268e-02 2.081955435057607912e-02
2.515175192739949050e-01 8.706556580399830991e-02 2.936329690337070517e-02
2.911355512092935194e-01 7.768395719990728310e-02 3.941971958572861034e-02
2.456980657374839006e-01 1.066719476504161268e-01 4.195635629296695646e-02
3.268249229327860328e-01 -3.257575967126664918e-02 4.199618517213367375e-02
2.796574584719850320e-01 4.196687917506077004e-02 3.309051020875639071e-02
3.620373047207821604e-01 -9.130048953670569234e-02 4.116525973233899072e-02
3.322546613533478577e-01 3.945894188484432193e-03 4.460979258833651373e-02
2.921706088344884211e-01 4.169266868956131994e-02 1.757717379674514357e-02
3.795424305585483049e-01 -6.294268468352440249e-02 3.186077766313286791e-02
2.924853616414296309e-01 6.453620383100111546e-02 1.619346615038748036e-02
3.471005801212095898e-01 -1.076847886248182354e-02 3.805085948492883952e-02
2.909679754209274494e-01 5.100142368752032945e-02 1.704756507776603730e-02
3.547304112239950125e-01 -5.476611616651017728e-02 1.947542459650714736e-02
3.294383925950017944e-01 6.936866563870626272e-03 1.780887148292911726e-02
2.976473266106762772e-01 6.493779877710316450e-02 2.041616939810545275e-02
3.643258277468153783e-01 -9.177478199130487124e-02 4.419185648511511633e-02
3.612579991491976505e-01 -7.232073914256542668e-02 2.164760751800096777e-02
3.172217722974802201e-01 2.527718931140253769e-02 1.725259053641782503e-02
3.669000131960729050e-01 -4.531005684658977878e-02 2.592280841904406191e-02
3.884700296859681101e-01 -9.807766298181215536e-02 4.923628481218899483e-02
3.825850143089873923e-01 -9.242827170696379935e-02 2.228021985348197648e-02
3.912068985938704779e-01 -8.600912385142253647e-02 2.909433488748709370e-02
3.370329481480221490e-01 -2.764792635705556889e-02 1.906792867045994239e-02
3.194045392817176920e-01 -2.234176103139904647e-03 4.699170246688308406e-02
3.339995017450879122e-01 -4.348474295999218975e-02 2.233410183159156154e-02
3.523583696988273339e-01 -1.667242673025106509e-02 3.324583534100575277e-02
3.334756599696466761e-01 -3.895340606902417818e-03 4.634035713610455687e-02
3.708047843514364339e-01 -5.598083280873084044e-02 2.299575698066884388e-02
3.191103569212697111e-01 2.311178232957143697e-02 4.453072992449079448e-02
3.691429038668332940e-01 -9.196601356036451791e-02 4.794502981245711559e-02
2.905199274201710757e-01 6.439073422801716573e-02 1.571808688190892353e-02
3.719646412131474844e-01 -7.790522595185403465e-02 5.019343148589546638e-02
2.933713038473992341e-01 1.849723195445475421e-02 2.454636082692799454e-02
3.649341387064669040e-01 -6.714198284976595488e-02 2.048361765325745765e-02
3.123855187868683214e-01 -1.275292225665031198e-02 2.546743399440704742e-02
3.658583781491506759e-01 -9.573045461998913597e-02 2.745552409740588395e-02
2.506008923759954765e-01 1.019983374772989171e-01 4.302958652106315951e-02
2.938308497802661901e-01 7.434576556934770208e-02 3.796408104779967763e-02
3.096301839715034920e-01 2.321231786460474858e-02 4.757606832416766407e-02
3.391597576415747994e-01 -5.491407333141485464e-02 3.828936452004774726e-02
3.130959292502137337e-01 4.036725104414131543e-02 2.064837605463801934e-02
2.790868935970602926e-01 5.247825994341547701e-02 4.374000883016919417e-02
3.916304032450096950e-01 -9.811998312999756222e-02 2.489731575877217329e-02
3.921484538663261299e-01 -9.608780957044840698e-02 4.241222465053146040e-02
3.573206901389991419e-01 -3.969524409049207669e-02 1.916397446250656805e-02
3.510522354342555662e-01 -2.191568949150480422e-02 2.254283478249581932e-02
2.522765914381124297e-01 1.019119398337628019e-01 4.383828829530587307e-02
3.196722634332003765e-01 1.414062157180167971e-02 4.674843244768335515e-02
3.403658203324397835e-01 -2.480274766523022506e-02 1.863681749255673495e-02
3.095778019672160708e-01 3.969349612473156014e-02 4.458305202072565532e-02
3.311218453792560967e-01 1.616661666276924397e-02 3.645951650824387491e-02
3.151615811539401069e-01 -1.007401134882558030e-02 2.068854978362391628e-02
3.559519515571540338e-01 -7.430416495440506086e-02 4.624620750526802632e-02
3.487618951934662870e-01 -1.141605801249882812e-02 3.293547074672582842e-02
3.561602022812478952e-01 -2.830415809429468604e-02 4.123796789325046008e-02
2.875398898582245399e-01 2.631590696533248758e-02 2.838374192197386930e-02
2.944609099674694308e-01 7.613813699545669833e-02 3.488331739233303808e-02
3.828932050028226453e-01 -7.537426941499132671e-02 2.373106637832644861e-02
3.678912994829445227e-01 -8.021531136402196283e-02 2.256686477038582356e-02
2.869097949518170099e-01 8.887263343662070436e-02 3.522325720213861228e-02
3.323645315531827960e-01 -3.663135491785003695e-02 4.526717680639050223e-02
3.802290566917672643e-01 -1.027735324293671121e-01 4.938760291017520176e-02
3.214280018176423614e-01 2.336298908218290699e-02 4.331251505980104888e-02
2.736463767093089139e-01 5.350417291191482405e-02 3.942838715485939838e-02
3.574422334498492670e-01 -5.233379018015288375e-02 4.959795127839046469e-02
2.541601170044847091e-01 9.846067228513782910e-02 4.417982621261166976e-02
3.035830124369265359e-01 6.937457521105281494e-03 4.243231603716836331e-02
3.846379112035756553e-01 -8.384237860952650778e-02 4.730981009586922303e-02
3.487933311838981587e-01 -7.103739048035141723e-02 2.721087188328572687e-02
3.771064486695355766e-01 -6.200104480250263894e-02 2.797122227526761470e-02
2.962743457154340398e-01 4.515191844006010563e-02 1.699394501199094284e-02
3.611661732738583597e-01 -4.425214731465854784e-02 1.993850113079059794e-02
2.535566385800980815e-01 8.805555869227074672e-02 3.835218998751388497e-02
3.396312196949621831e-01 -1.107425582451322318e-02 4.592073007209915292e-02
3.357602280115850046e-01 9.825472975027499736e-03 3.398997695844037381e-02
3.457796688415455399e-01 -1.269474517146093953e-02 2.217521076293671109e-02
3.370494212289302238e-01 -5.770954532040517559e-03 4.522498675949547520e-02
3.643625393936338330e-01 -7.579482944975832193e-02 4.967633125279261735e-02
2.509382178075377778e-01 8.988115183386798102e-02 3.379547083202970315e-02
2.581597954696440156e-01 7.597774288815142829e-02 2.825657949853045692e-02
2.793169544613450239e-01 9.318960503592742251e-02 4.093839631084543462e-02
3.109515342845813324e-01 1.023618336079631236e-02 1.829581562445571630e-02
3.028822758040089491e-01 5.766846716698851433e-02 2.357166363038417506e-02
3.120830472215567197e-01 -6.676090464125889606e-03 4.259023531353851866e-02
2.759924682739166579e-01 6.229919086439049403e-02 1.750966767157922238e-02
2.976887158236550812e-01 1.524761465855755185e-02 4.114020836322016678e-02
2.894696471748515187e-01 8.185597225446278324e-02 2.382048740208465507e-02
2.512974711393681782e-01 1.121605723858727366e-01 1.845203628290610978e-02
3.908046530771082105e-01 -8.886218583317721798e-02 2.382261954843275034e-02
3.722285860130168933e-01 -6.875935063274762893e-02 4.854960963034024579e-02
3.043768664221654929e-01 4.203233895099636047e-02 4.602693592910081510e-02
3.308956853767720530e-01 -5.994164686530306305e-04 1.736012799928346798e-02
3.745207431382862051e-01 -6.817413153615860255e-02 2.117193065707040009e-02
3.815149784014675305e-01 -1.027621861642737527e-01 3.721290096070152542e-02
2.598280724976163580e-01 8.709269753315025675e-02 1.726137846980919238e-02
2.680746339662053446e-01 1.092848998459065996e-01 4.160784785175521139e-02
2.469416532706879552e-01 9.863658660111285226e-02 3.802936047812317810e-02
2.527205520126215021e-01 1.222903074630946052e-01 2.292727306956117081e-02
2.856055241584218862e-01 9.072992288515477344e-02 3.529376559583830009e-02
3.195745098151750452e-01 3.460451710227433614e-02 3.066671506390325833e-02
3.286001198277024860e-01 1.582800561000555217e-02 2.218727919627385553e-02
2.726381765117245615e-01 7.010485527652390858e-02 4.527117586441019303e-02
2.849236191626201009e-01 5.651723049873541571e-02 4.656764291859021715e-02
3.367724832614787944e-01 -4.532209972828199485e-02 4.428824214629951961e-02
