-1.099712720781883812e-01 -1.075961071893611620e-01 9.712995055318211779e-02
-9.128766617822878238e-02 -8.302524324963025948e-02 3.168674512359932749e-02
-8.581678042601491307e-02 -9.795206669075254280e-02 1.336824862388819313e-01
-1.015849514882471299e-01 -1.022768226317744000e-01 2.462328880543766529e-01
-1.117894924802897844e-01 -1.085182366396507392e-01 1.196180261329262001e-01
-1.068176252755272254e-01 -1.247820479075031214e-01 1.598151782517077124e-01
-1.121729045277927717e-01 -1.120625834486160960e-01 1.345992525974901433e-01
-1.175212617970543966e-01 -1.293423752949333094e-01 2.670203458208963987e-01
-1.010607707827142626e-01 -8.726238914780516664e-02 7.300754407301346394e-02
-8.566660170303551369e-02 -1.048449413442834460e-01 1.596660303515519685e-01
-1.040012174145179824e-01 -1.028829710640299100e-01 2.635577053085142452e-01
-7.750957899650377791e-02 -1.001820607150597647e-01 6.146556897218166671e-02
-9.565380761625077999e-02 -1.252080773996625818e-01 1.585634528878266947e-01
-9.386014071037461493e-02 -1.247715532201200128e-01 1.708587308116148173e-01
-1.047056358414224508e-01 -1.164137352495459993e-01 8.867015957055034148e-02
-8.030414333348548372e-02 -9.497111728671925324e-02 8.014161563232966023e-02
-1.080830586798080251e-01 -9.474337136855028041e-02 1.514795079436445091e-01
-1.076914665304334606e-01 -1.343287216192567413e-01 2.746879864694277695e-01
-9.781788887409942346e-02 -9.570254572413247618e-02 1.806296351783616139e-01
-1.153465079707106933e-01 -1.102335173810745639e-01 1.566462869120863743e-01
-8.903828073969327628e-02 -1.202790873334408372e-01 1.960562977974659726e-01
-1.027355115871387975e-01 -9.988495115539722247e-02 2.283512976644942738e-01
-1.124885546712755396e-01 -1.318831452687160843e-01 2.305586127542317010e-01
-9.175050135707887855e-02 -1.235352487629956530e-01 1.731066776029155097e-01
-1.122265405509850350e-01 -9.681211380730811444e-02 1.365501969112246083e-01
-1.086098488288524677e-01 -1.111755787397020745e-01 9.521822411332998837e-02
-1.138664142967540094e-01 -1.024467675194337124e-01 2.047871265452991807e-01
-7.729074959891016339e-02 -1.026897015176908706e-01 4.964511743131886506e-02
-9.228459090898429029e-02 -1.114435141270645330e-01 2.464296533986441717e-01
-1.005286207905384394e-01 -1.288414674952291228e-01 2.091226598671032666e-01
-1.101131344871160989e-01 -1.349736115769722411e-01 2.678229606213046177e-01
-1.151632494909211879e-01 -1.012095472030661164e-01 1.379905511229071458e-01
-1.173041594897252238e-01 -1.040749641996149277e-01 2.135915109732240136e-01
-1.232367147372833704e-01 -1.104047348766004355e-01 2.666574171961736406e-01
-1.059326370124589189e-01 -9.087024062999174423e-02 9.072485787976465599e-02
-1.061760653054243664e-01 -1.036578265546316407e-01 2.751196109465189332e-01
-8.782065028155543185e-02 -1.023055711975622145e-01 1.676382341163977219e-01
-8.875726675155801160e-02 -1.144417301355437760e-01 5.838445208386468244e-02
-7.773051437875017067e-02 -8.973740550371774038e-02 3.372613388526423533e-02
-9.725451115093439181e-02 -1.018768214944381911e-01 2.264901641935410104e-01
-9.755113911441339047e-02 -1.257035916987945534e-01 1.575819914870168204e-01
-1.068562588712839156e-01 -9.130552124109193868e-02 8.845750591436626897e-02
-8.428237437741915861e-02 -8.811454860834044833e-02 3.133083411677006769e-02
-7.793312033129531913e-02 -1.032412267378771675e-01 6.259259554054869001e-02
-1.063308365443444287e-01 -1.342182997543572287e-01 2.700768002433703852e-01
-1.241405472911404906e-01 -1.122026051493051069e-01 2.646813545988706551e-01
-1.129775021851453232e-01 -1.018538298713096146e-01 2.060799522581426846e-01
-1.153127850622023415e-01 -1.311690081260269980e-01 2.332299435442800883e-01
-1.227216531646194708e-01 -1.100805476622207790e-01 2.422167995703211618e-01
-1.187181626943363266e-01 -1.050929248739608662e-01 2.018221861583739396e-01
-1.034055036047991927e-01 -1.079210729213279929e-01 5.737029296371692205e-02
-7.948468070023376186e-02 -9.875790339360206171e-02 8.283744190055668255e-02
-1.052170903005750086e-01 -1.333471458026083412e-01 2.550570673383562581e-01
-1.177038182562040874e-01 -1.049006512103321520e-01 1.909061015276782569e-01
-1.117943402089867644e-01 -1.021452465375332630e-01 2.534458006374426531e-01
-9.080970053587796020e-02 -1.154570124931545844e-01 2.439726830475677233e-01
-1.185374819202254237e-01 -1.055754767709866510e-01 2.400132573742393971e-01
-8.457209308740921971e-02 -8.929764653471210234e-02 7.501614361893810257e-02
-1.179418928809170264e-01 -1.134607830332982625e-01 1.950502411581603313e-01
-1.080963676684306013e-01 -1.195460004725669989e-01 1.230506540022455603e-01
-9.498523536116941501e-02 -8.972102883217043801e-02 1.183185564920833932e-01
-1.029788181167329147e-01 -9.195619499786499007e-02 1.443779307389085331e-01
-1.183631970557290219e-01 -1.121275286178601838e-01 2.039197845120307717e-01
-1.071210615388400594e-01 -9.253659698691403535e-02 5.267992851704477592e-02
-1.149631677880998959e-01 -1.117192140305245385e-01 1.583878254698324328e-01
-8.744192678062928659e-02 -1.144143079789846085e-01 1.922799790749726012e-01
-8.686238496347460647e-02 -1.148100594992053219e-01 8.725650269680364224e-02
-1.088376611588955239e-01 -1.005935192574376746e-01 2.448232753105624715e-01
-9.193790157264576657e-02 -1.137290505817322439e-01 2.511591485081525743e-01
-1.091392078960585349e-01 -1.041057753600924535e-01 8.170643802118363053e-02
-1.147802998614965847e-01 -1.001955321378234370e-01 1.622616746853197678e-01
-8.647820283072622793e-02 -9.614422029580313445e-02 1.293404056006680625e-01
-9.149178426478940529e-02 -1.188425407901571446e-01 1.016348374228958767e-01
-1.132179800853157919e-01 -1.169399481894946302e-01 1.601276482497670239e-01
-8.905972386796633111e-02 -1.206275706206200310e-01 1.974729418175073803e-01
-8.427418828294476472e-02 -8.340418269959251618e-02 3.471849044943996904e-02
-8.901870903417148650e-02 -1.187427468452035562e-01 2.090821190313337241e-01
-8.931740424997672290e-02 -1.011373741624121830e-01 1.768447384480396622e-01
-1.076272914830466720e-01 -1.026782077781169950e-01 2.684439458609715889e-01
-1.183902063936564664e-01 -1.157310721691414968e-01 2.065983533057479116e-01
-1.084777566582752345e-01 -1.141551175772560212e-01 1.049271928952683619e-01
-1.135615072319363650e-01 -9.868684890940862542e-02 1.555436587857163266e-01
-1.127063559520402464e-01 -1.238415025515572920e-01 1.781576659181692002e-01
-1.095682917781661825e-01 -1.110731427732453980e-01 1.056513919394215795e-01
-8.875783730361187784e-02 -1.128106229375954311e-01 2.129954414912483829e-01
-9.566144502559116580e-02 -9.116825740524391042e-02 2.833943053207767238e-02
-8.102698818874605469e-02 -1.099638662452227938e-01 7.800307411809249969e-02
-9.633329910816823549e-02 -1.226350680833577927e-01 1.351103733497575066e-01
-8.555367684911287240e-02 -1.015567522225016422e-01 1.483970509988134234e-01
-8.480850406051484991e-02 -1.131377947736748185e-01 1.463973152513417253e-01
-1.168201836641953734e-01 -1.094327609929203610e-01 1.687838802290360374e-01
-7.724398048925137927e-02 -1.032936010083993633e-01 4.616906623342721672e-02
-7.966925285233715515e-02 -9.559291139770231815e-02 7.732127349832813856e-02
-1.234382286818550833e-01 -1.128187217413537530e-01 2.726290546342795551e-01
-9.816665957597785208e-02 -1.060901565002622254e-01 2.581283701488957250e-01
-1.128279210103090568e-01 -1.345718186179319376e-01 2.589640325545065069e-01
-9.953554635080119617e-02 -1.279200852778960562e-01 1.882161530741677247e-01
-8.909063515123080701e-02 -1.031080410217315863e-01 1.829520822497960331e-01
-9.761282267796596301e-02 -9.957051347985403089e-02 2.124212355295391486e-01
-1.054943641538914900e-01 -9.283447520465896996e-02 3.767319980393663698e-02
-8.316304089831987045e-02 -1.123094590747509697e-01 8.688164429550576662e-02
-1.185340177339687107e-01 -1.150539278124954740e-01 2.070362157504022083e-01
-9.367158267596276122e-02 -1.257404395703478339e-01 2.538748871786800643e-01
-1.138556576755459931e-01 -1.024298761125933960e-01 2.111467249181961381e-01
-8.531045462620170938e-02 -1.028156970555374056e-01 1.546926654108188026e-01
-1.129018099461218255e-01 -9.848906564571265065e-02 1.169498926622699053e-01
-8.438966357890215209e-02 -9.293229672029673649e-02 9.754786568457146645e-02
-1.059543755643431590e-01 -1.102302330421425502e-01 7.420216333644594209e-02
-1.156219413849095268e-01 -1.011649190821556493e-01 1.835823438779564942e-01
-1.090786496478811096e-01 -1.303714913027124167e-01 2.117492684371704015e-01
-9.700391157117456420e-02 -1.161054778495775180e-01 5.971065194578784735e-02
-1.095084258277658346e-01 -1.034689593311329953e-01 2.765106137905420369e-01
-1.132164236158359344e-01 -1.251998147113516091e-01 1.882252935588260845e-01
-8.981549856053680503e-02 -9.760047255671892852e-02 1.880679698930643254e-02
-9.100758785231335968e-02 -8.393786932246520560e-02 6.196672372283717339e-02
-8.425285476616581337e-02 -1.146369351238075984e-01 1.153931035410179218e-01
-9.188949817176146617e-02 -9.963038594098340417e-02 2.321633839483523004e-02
-9.799930837310537324e-02 -8.498453696391762568e-02 6.711226433589990992e-02
-1.204223014308623552e-01 -1.234515492968142475e-01 2.665857317915028002e-01
-1.189854032431853365e-01 -1.199523180335356209e-01 2.281868944474306493e-01
-9.437169519832087905e-02 -1.220023734186913428e-01 1.199597100506231695e-01
-1.125042666237536099e-01 -1.281433628293476013e-01 2.091990271566119275e-01
-1.231419643190601737e-01 -1.141606857698627547e-01 2.521967369139042070e-01
-9.055822371576673080e-02 -1.188313037820156182e-01 2.355838020777819841e-01
-1.001024427274855022e-01 -1.264478768600711955e-01 1.636664142373910058e-01
-1.022204806527305249e-01 -8.882983344389916436e-02 1.057029184324700943e-01
-1.098839217887219444e-01 -9.495119641319962889e-02 8.321227056075145012e-02
-8.839228532182770437e-02 -1.199143950188739233e-01 1.736812120012127258e-01
-8.789242638646674322e-02 -1.025696405854911314e-01 1.700908401139989701e-01
-1.127485574893394710e-01 -1.021339040232725759e-01 2.429948434930160883e-01
-1.151332256438446638e-01 -1.028282549101135618e-01 2.084090204782031996e-01
-1.127431157305588127e-01 -1.102228191810439850e-01 1.333877596234223362e-01
-1.141694008777657809e-01 -9.922138616983700032e-02 1.561876816934271162e-01
-1.123252086265540267e-01 -1.222759939955877923e-01 1.683720808893553744e-01
-9.379578679193691093e-02 -1.045084667733857803e-01 2.245156636580356024e-01
-1.126271481552590936e-01 -1.346741303831425762e-01 2.597499970084515830e-01
-8.964942471613790431e-02 -1.113836279836274284e-01 2.186481935674420563e-01
-8.512962027750325955e-02 -1.118170008591737735e-01 1.632660188013238256e-01
-9.266908374027368889e-02 -1.238971373798980480e-01 2.563318718226653137e-01
-8.757844664102987231e-02 -8.363137437775529370e-02 4.651138403182283193e-02
-1.041552961255216014e-01 -1.006449118241985741e-01 4.192659073291638699e-02
-1.231361402127600785e-01 -1.180627079747182395e-01 2.756702451308498114e-01
-8.063521024872949416e-02 -9.778279308815369941e-02 9.222449056543163826e-02
-1.104643390912471990e-01 -1.282641239543864942e-01 2.874068836632331925e-01
-1.211750636205312509e-01 -1.107527935146547654e-01 2.179651462039851328e-01
-8.474013651947170933e-02 -1.152674954410520813e-01 1.260200559760063510e-01
-7.993926585996800893e-02 -1.019338476747991273e-01 9.260271834000385893e-02
-8.986249682073796374e-02 -1.147774772372872343e-01 2.249055643800360049e-01
-1.023224457433150048e-01 -1.200446752899520381e-01 1.027951344701200365e-01
-8.812926768297722757e-02 -1.191459106727051631e-01 1.330601828347482141e-01
-1.175635380215458020e-01 -1.299422246600991926e-01 2.605197026157931028e-01
-1.007232115525295985e-01 -1.063589696770744081e-01 3.679502605031578777e-02
-1.063638598760411336e-01 -1.171256081961680184e-01 1.007240315252378171e-01
-7.852562384672585882e-02 -1.060273032191611925e-01 5.418313783105371817e-02
-1.052811220895404354e-01 -1.069750761656967364e-01 6.457688272273023888e-02
-1.127007432389264402e-01 -1.137575255991566114e-01 1.440381997312495388e-01
-1.087776883277964263e-01 -1.119883401736061213e-01 1.001678042376926286e-01
-1.128449735954468597e-01 -9.829380630283991727e-02 1.652361518314210964e-01
-1.136893667689330423e-01 -1.066432711436949426e-01 1.297131304082646264e-01
-9.935163448181416612e-02 -1.196807507292494827e-01 9.487331266564752452e-02
-9.306822434806660826e-02 -1.136877135841175696e-01 4.142256255274230636e-02
-1.035542148546239882e-01 -9.239145117430581922e-02 1.494921483676731055e-01
-1.117918899697918217e-01 -1.116198825163544767e-01 1.295552999164036878e-01
-1.095829171237676647e-01 -1.113448194575767242e-01 1.068376908552384624e-01
-9.385370453135509494e-02 -1.142851609086148051e-01 4.435845658516496259e-02
-9.696026474540837825e-02 -1.292811450511516524e-01 2.499077478983030842e-01
-8.585250980901604212e-02 -1.138369087198483481e-01 1.742234802488521195e-01
-9.630530585365000562e-02 -1.117157399751189245e-01 3.873330638201169518e-02
-7.894337787787657212e-02 -1.068578928827693258e-01 5.357619351265112406e-02
-9.446171506071066037e-02 -1.094978268013050426e-01 2.548457619269708374e-01
-1.193767976179988810e-01 -1.252828505907866707e-01 2.728564925153170173e-01
-1.024000016210280389e-01 -8.798382718273164982e-02 6.775765388528563749e-02
-9.460159565963516259e-02 -1.043324204188664506e-01 2.284309925679809949e-01
-8.102143698675388916e-02 -8.801479765095583663e-02 4.624718425748344797e-02
-9.439881398601326912e-02 -1.158151930856643336e-01 2.769698469667069007e-01
-1.007720610583559967e-01 -1.309251540212814646e-01 2.353538376069367055e-01
-1.107377581654906684e-01 -9.914032719658315285e-02 1.855738038718847405e-01
-1.057994016102120488e-01 -1.209485782126396569e-01 1.202596150339936415e-01
-1.120067145078726678e-01 -9.827150548560742438e-02 9.461951326507994642e-02
-1.161497949656976336e-01 -1.038434152763185042e-01 2.339408602323450881e-01
-8.445497637248214340e-02 -1.083130690345330549e-01 1.457334496021611414e-01
-9.145856133020062451e-02 -1.191796713586090323e-01 2.495113316672714354e-01
-7.694569660532567246e-02 -1.008136674268382826e-01 3.081819173474280305e-02
-9.306065352740516827e-02 -8.800053476479173520e-02 3.067104019285545741e-02
-8.210956210605573069e-02 -1.109001124323559101e-01 6.163061045420605011e-02
-1.102879493255865262e-01 -1.277639121730015093e-01 1.914385584228506798e-01
-1.085912269983765194e-01 -1.192399986059889672e-01 1.253869090109249185e-01
-8.428224476310011704e-02 -1.025933864664176076e-01 1.369372078050417885e-01
-8.977941913403351959e-02 -1.114120727753493550e-01 3.147148992442806714e-02
-1.205846641662993574e-01 -1.078534685125062814e-01 2.595124952795239692e-01
-8.756752859595050287e-02 -1.168262950269079031e-01 1.802300844374948585e-01
-1.111437736971085943e-01 -1.151351806602546879e-01 1.346192002707594648e-01
-8.196415078298945056e-02 -1.004211474879914273e-01 1.080353183676296541e-01
-9.257235417468526184e-02 -1.237902770730153340e-01 1.635095667802577424e-01
-8.545796948950974692e-02 -1.102710025078924710e-01 1.689063272297385010e-01
-9.188668505204554415e-02 -1.241908660248576823e-01 2.057990226543381374e-01
-1.042959425004492263e-01 -9.073855900059049628e-02 3.312916962713181868e-02
-8.400329655816111962e-02 -8.549960784189934715e-02 4.764932549347174195e-02
-1.203001037918755983e-01 -1.215296148034196722e-01 2.474217848535546216e-01
-8.861913398922359464e-02 -1.068017730748356681e-01 1.944618175669358406e-01
-1.001451840704761925e-01 -1.136495236536702452e-01 2.872328386334618289e-01
-1.008586925028450432e-01 -9.306868097690723651e-02 1.603496471933650858e-01
-1.181219709257458617e-01 -1.091291227715113638e-01 1.831596180103042815e-01
-1.097434296818898258e-01 -1.063812725116714403e-01 9.094334789446689715e-02
-1.022094392884627945e-01 -9.872883008396607374e-02 2.199820361812338809e-01
-1.170674246221470316e-01 -1.076238980783245924e-01 1.663513626986302951e-01
-9.429901419681332997e-02 -1.120159120000200903e-01 2.652394375025377560e-01
-8.989412920132699991e-02 -1.205564877221992348e-01 1.222711128220428517e-01
-1.159063440545692186e-01 -1.035758151876771255e-01 2.188577846212670930e-01
-8.995236591221586475e-02 -1.128979690836662275e-01 3.622899021517528295e-02
-1.039866928275441776e-01 -9.897641062434120451e-02 2.241793300023660340e-01
-1.118484022529165622e-01 -1.108827531740649575e-01 1.277372929042593641e-01
-1.065503552561373884e-01 -9.093690611104546240e-02 6.642142673992172675e-02
-9.832369227531745359e-02 -8.673356166718014515e-02 9.325354540550166715e-02
-9.365994259772998654e-02 -1.264952374510902311e-01 2.445255564153707983e-01
-1.180239381876542482e-01 -1.104963381485759705e-01 1.864177322503970113e-01
-8.768726098824144999e-02 -1.150206466713006165e-01 1.988349831194357598e-01
-1.208332316295362141e-01 -1.077612403167080846e-01 2.185014521416782929e-01
-9.414181065766043244e-02 -8.879706590004569911e-02 1.113977405031852247e-01
-8.977686991461178434e-02 -8.754470523773306978e-02 8.769462598195468250e-02
-1.229356149186742880e-01 -1.122609378822913839e-01 2.324558955940995431e-01
-1.109990873453181176e-01 -1.042008587067412839e-01 9.780145143260354779e-02
-9.328825576634698635e-02 -1.210207603310835128e-01 2.737703765646652965e-01
-1.150911740104037240e-01 -1.336321126408197557e-01 2.636125600616613385e-01
-8.758181753569219130e-02 -1.191497175669314068e-01 1.403031171041938807e-01
-9.103580406785236057e-02 -9.876270966098436854e-02 1.703339876628884864e-01
-1.137963746153417971e-01 -1.137558149128213847e-01 1.541567617939497425e-01
-1.016327399122997077e-01 -1.088268696829641086e-01 4.703549521497402131e-02
-1.071671173342288313e-01 -9.546628741592139145e-02 5.528877969017526040e-02
-8.153912273813425371e-02 -1.101652493920957099e-01 8.646105119277217033e-02
-9.462444726826781116e-02 -1.145813131119111233e-01 2.762436321146762297e-01
-1.230711100747692577e-01 -1.144421127101481195e-01 2.459043314640415867e-01
-1.141643456151012759e-01 -1.307589450628131034e-01 2.270485938438825402e-01
-9.049511649138002045e-02 -1.158069955679870838e-01 8.058090134257082926e-02
-7.750862590694847232e-02 -9.362578157766435205e-02 4.967991239806873738e-02
-9.092371611168496848e-02 -1.233294150327697569e-01 2.151729413852875028e-01
-9.361242474443741413e-02 -1.268502231126951429e-01 2.304395602185078384e-01
-1.008141083668641635e-01 -8.704751147623951413e-02 7.237060208383391813e-02
-1.050878540431810920e-01 -9.134027213126259814e-02 1.177916562215434171e-01
-8.984588203952074970e-02 -1.206825184341984158e-01 2.117815988718008968e-01
-1.017071858824436376e-01 -9.205824679245024067e-02 1.497498079704655538e-01
-9.473738634402525949e-02 -1.261119843940172180e-01 1.892698077563897685e-01
-1.227734724320272419e-01 -1.183571653310522692e-01 2.689303332855421669e-01
-7.949067818514418682e-02 -1.080498860653177629e-01 7.286837315469116283e-02
-7.762409598700505120e-02 -9.391895343915794558e-02 5.283705793764204017e-02
-9.916199280973916896e-02 -1.322966474415111782e-01 2.751353203212891230e-01
-9.919270993651543855e-02 -9.884465027215771915e-02 2.139777077479493306e-01
-9.826566870861534742e-02 -8.480541286021275882e-02 5.451881057216647480e-02
-8.290800916137246179e-02 -8.752702492350671049e-02 3.153776306333398033e-02
-1.042978031892234647e-01 -9.273265042029481264e-02 1.508920449673092634e-01
-1.014154066111600805e-01 -8.735185194608029169e-02 6.918233371853717284e-02
-8.623467336806697747e-02 -8.715439657688088537e-02 3.130919173735829952e-02
-1.085295048298957621e-01 -1.185907374835543232e-01 1.220545458678727602e-01
-9.536958333882508687e-02 -1.061755767968828312e-01 2.429284129774662848e-01
-1.100300165345556858e-01 -1.312708267199208523e-01 2.187200175210927688e-01
-1.105367947167553155e-01 -9.523369080835082656e-02 1.281463875918777973e-01
-1.118945076740478495e-01 -1.174522103364821213e-01 1.491727869598276079e-01
-9.142773164265934061e-02 -8.315849851329194797e-02 5.081686582508108951e-02
-9.112057716752625103e-02 -1.092085223919981030e-01 2.254961560783002583e-01
-8.950773429114311508e-02 -8.266010033027472448e-02 3.233906812679809839e-02
-7.986977187021246372e-02 -1.080524452358559845e-01 3.292140367618048152e-02
-1.014001011449652268e-01 -1.284713114094116482e-01 1.898169484888935499e-01
-1.092912279617809651e-01 -1.139683420535091696e-01 2.891078340958919690e-01
-9.195354270866200330e-02 -1.035906285362998697e-01 2.102184923900458913e-01
-9.759265448541841470e-02 -1.226194625928239690e-01 1.203564493356637649e-01
-1.041365696309622668e-01 -1.046510975925449560e-01 5.472551659182121192e-02
-1.182629633068275898e-01 -1.083647805586067797e-01 2.817859209706328194e-01
-9.363958240581762849e-02 -1.256979122886532074e-01 2.649430814873777740e-01
-9.529535542688552519e-02 -8.389401484552382049e-02 6.417368605380148472e-02
-7.708572362128426891e-02 -1.030778101751298748e-01 3.220730179785859931e-02
-8.699702309562330760e-02 -8.665838586106165697e-02 6.842961490903352872e-02
-8.592500731655884627e-02 -1.148676520518751853e-01 1.622466680087958635e-01
-1.180616185308861199e-01 -1.204996415962742984e-01 2.205846580837320103e-01
-8.138841970522255054e-02 -1.046302068981660033e-01 1.145516116405820850e-01
-9.897579537487653789e-02 -8.399845007432071853e-02 3.270089964774879759e-02
-1.034817723839653314e-01 -1.221023678937442486e-01 1.215016550252593502e-01
-8.660772852850068260e-02 -1.173329791050962134e-01 1.162879795610878980e-01
-8.004171311896854379e-02 -1.085909326599982377e-01 4.426404524713479366e-02
-9.894694456705520336e-02 -8.861977790589782578e-02 1.129923368660901567e-01
-1.056868423306968341e-01 -9.877089790717054341e-02 2.217998734929518823e-01
-1.000465778457865218e-01 -9.258090218401789084e-02 1.538257760596561385e-01
-1.171493353274559029e-01 -1.044192184044017563e-01 2.329428438848699101e-01
-9.509516693285459399e-02 -1.273830041304313820e-01 2.209703793751063017e-01
-9.525533407513672723e-02 -8.977065700905512147e-02 1.207957674214555632e-01
-1.055698073655348124e-01 -9.378382626655371035e-02 1.621043985352235428e-01
-1.042891474685530284e-01 -9.675006048043607865e-02 1.997571816636439235e-01
-9.682109421652990155e-02 -1.223900968477424356e-01 1.189801365987818993e-01
-1.234193764129599413e-01 -1.118815478973978067e-01 2.570154349085539414e-01
-1.060109665431865356e-01 -9.652035071630886420e-02 4.616341101730549179e-02
-1.022993572373781940e-01 -1.108238298284212886e-01 5.752801625607168595e-02
-8.946458060671226564e-02 -1.199751198980285039e-01 1.339179505542234805e-01
-1.018365953319973621e-01 -1.228196991426675350e-01 1.239254072736067636e-01
-1.041788550545252739e-01 -1.251485577088776724e-01 1.558349165876324049e-01
-1.001797314606773792e-01 -1.037601144116540725e-01 3.398461744916830840e-02
-9.903602604736555515e-02 -9.591541485658577892e-02 1.879559336487044985e-01
-1.155270040315147378e-01 -1.009423340808308645e-01 1.716918250272695678e-01
-1.211070334438953677e-01 -1.081373506187568029e-01 2.396189913738866195e-01
-1.121908640981213179e-01 -9.821317432160428518e-02 1.004675300283624090e-01
-8.831775569588085073e-02 -1.185693758081912269e-01 2.057983583753437706e-01
-1.012230390078870668e-01 -9.711910491737185680e-02 2.016691674444518467e-01
-9.211821076425681654e-02 -1.174970155227474250e-01 8.664691865967430462e-02
-8.376411807177444602e-02 -1.084234615039380012e-01 1.412871541978767131e-01
-9.738460211065624872e-02 -1.273295419055563704e-01 1.921403814342508010e-01
-8.530101510001970866e-02 -1.164364755490801262e-01 1.280284229092239767e-01
-1.116358605618334304e-01 -1.329317101878335072e-01 2.389946172105151256e-01
-9.512188760904766172e-02 -8.492908314973543482e-02 7.476573574401432221e-02
-8.802565196528835956e-02 -1.112687847743923791e-01 1.996374765430631859e-01
-7.669256382149339246e-02 -9.555129947066078044e-02 4.211835304965335508e-02
-8.804799115252927300e-02 -1.172154635427925112e-01 9.814812394541490292e-02
-9.286354614512111472e-02 -1.219674329489943698e-01 1.395251680622013046e-01
-1.012707257807114181e-01 -1.320794503061845371e-01 2.660967955515425309e-01
-1.143365292251898452e-01 -9.998012793590631275e-02 1.481163818986323266e-01
-9.233552062390966431e-02 -1.039044550434647801e-01 2.127202230621135226e-01
-9.179542599260480384e-02 -1.070000087884203088e-01 2.222520131911362995e-01
-1.180010617604850820e-01 -1.136181663522402574e-01 1.962718120774486763e-01
-1.082418808175563962e-01 -9.605738539240171736e-02 1.704158659270119391e-01
-1.180703323197889593e-01 -1.067795140907340928e-01 1.880605097168222828e-01
-1.132476897589966836e-01 -1.074354374635572429e-01 1.286979672423656240e-01
-1.167978548794123550e-01 -1.033285541015268039e-01 1.547982165277187738e-01
-1.118186119278830049e-01 -1.350603830230749092e-01 2.589899087258321631e-01
-1.185834454457222326e-01 -1.055861662092424103e-01 2.396844994424678910e-01
-1.071742940642576303e-01 -9.707871123699512994e-02 1.958723650307618858e-01
-1.144856217008423521e-01 -1.068757424112406346e-01 1.368751836260068966e-01
-8.725609535190374799e-02 -1.139378782043378724e-01 5.247895897661137427e-02
-9.141694745447186132e-02 -1.221080966795420608e-01 2.386587802651837231e-01
-1.192538599428623614e-01 -1.060645955735600443e-01 2.216451723665271989e-01
-1.049272058103525584e-01 -9.290962131945182390e-02 1.497872660227261010e-01
-1.025530995830132575e-01 -9.501328367036691869e-02 1.831224615620720697e-01
-1.152035398578576397e-01 -1.045844308873956630e-01 1.371587273491559344e-01
-8.216813132512788831e-02 -1.099625357067730985e-01 3.169322102722504919e-02
-1.001530163714895311e-01 -9.876109458624114656e-02 2.172088261607212356e-01
-1.122024968340423756e-01 -1.021071815771476265e-01 1.039958377213217183e-01
-1.014899481374661183e-01 -8.697475423005300577e-02 6.059618032517765512e-02
-1.080160105512898150e-01 -1.001180105077332794e-01 2.403328065002190983e-01
-9.443706819114842943e-02 -1.258246999884250483e-01 1.868981133392375871e-01
-1.111725464753657994e-01 -1.275051502494388700e-01 1.955392020647276630e-01
-1.062872473349636138e-01 -9.362214752814654317e-02 1.507330554490930730e-01
-1.065124102613332069e-01 -9.728343528928491690e-02 2.049548996622834185e-01
-1.171591165335145873e-01 -1.045360339245742787e-01 2.344237404235852140e-01
-1.088468788263601550e-01 -9.718874705828750571e-02 6.860521740799338519e-02
-1.173380437155128464e-01 -1.114894140227675606e-01 2.856040743212197031e-01
-9.936749776381924304e-02 -1.232040143818602246e-01 1.284923441693927582e-01
-1.104164566616635812e-01 -1.094930828951426599e-01 1.092855086547352139e-01
-1.121926926403031821e-01 -9.774980146235513756e-02 1.548409911707111508e-01
-9.881899454685776074e-02 -1.230893428024097958e-01 1.281506365430395422e-01
-8.208359607963741644e-02 -9.071622149674192503e-02 7.342538145433974428e-02
-1.037049334117314536e-01 -1.064961350796350820e-01 2.840084355075888078e-01
-9.281164980963260702e-02 -1.253050338076406311e-01 2.375989032083300478e-01
-1.087990253287647036e-01 -1.151215291362176762e-01 1.121861346868895659e-01
-9.676395787732781917e-02 -1.270581900538052256e-01 1.899683909462956122e-01
-9.464323507139725533e-02 -9.264198757687638897e-02 1.461579388473825403e-01
-9.347864526938005902e-02 -1.095415864262860722e-01 2.469653220383472014e-01
-8.989851025381276339e-02 -9.869195675500751219e-02 1.659605738790350948e-01
-1.059730013100856627e-01 -1.335640719798452114e-01 2.540617041163745760e-01
-8.869553321500138476e-02 -8.502074358511610419e-02 6.420379671996949422e-02
-1.083166011356031938e-01 -1.289545679005510426e-01 1.990157317115051339e-01
-1.159669989262802348e-01 -1.190795569436325085e-01 1.942850018226982001e-01
-1.104733398232155134e-01 -9.536124838666837356e-02 9.976979306734727604e-02
-9.986332268079581298e-02 -1.300265664223613227e-01 2.852797826244115598e-01
-1.052972267570719406e-01 -8.968134733961827254e-02 3.723601588858720807e-02
-9.941893885013125542e-02 -8.859002391608246374e-02 1.124497950877039881e-01
-8.273327588687641454e-02 -1.070341188472419547e-01 1.286698148135840269e-01
-8.409617936907619329e-02 -1.121006267048093585e-01 6.714759716488596930e-02
-8.908192709848281043e-02 -9.700031627623864616e-02 1.515188858763130142e-01
-1.160086671071755560e-01 -1.059234764921764271e-01 1.483778130771920278e-01
-9.385891389152775655e-02 -1.263134715150635023e-01 2.429695892932577095e-01
-9.472943360437585669e-02 -1.122169978021547998e-01 2.697853416044286856e-01
-1.174725436434632675e-01 -1.066455570152333304e-01 2.786274222735954931e-01
-9.887841653486567628e-02 -1.035614796228819801e-01 2.455074095111067223e-01
-1.045445519556389008e-01 -1.104126526568841304e-01 6.751034579001528868e-02
-1.151853901969788208e-01 -1.042119291608495785e-01 2.454925699413569029e-01
-9.349768657421943241e-02 -1.253455957037492574e-01 1.963706814201461037e-01
-1.040215400824097691e-01 -9.947103719675608191e-02 2.344386250481582390e-01
-1.157837662143944013e-01 -1.169989439457306407e-01 1.856019484935614305e-01
-8.626772093983303691e-02 -1.128175796102182382e-01 3.709619158602453504e-02
-9.964192848846292749e-02 -8.689944954717777892e-02 8.463221178873348016e-02
-8.533450515626153643e-02 -1.125905151306337976e-01 3.718446292394220198e-02
-8.804855192021870947e-02 -9.600282623835862394e-02 1.368454999413479256e-01
-8.827401233691245519e-02 -1.139679865201467662e-01 4.330600974198597908e-02
-1.089987098842209318e-01 -9.783840675388218167e-02 1.850835860167775737e-01
-1.097594293045418279e-01 -9.839384806204665157e-02 1.872621580922707585e-01
-1.079063235862084691e-01 -9.703666801610938419e-02 1.753200810824125100e-01
-9.008244342063670418e-02 -1.212708761359250903e-01 2.116951816390859331e-01
-8.720047007759829105e-02 -9.462066093661580801e-02 1.239819067823345194e-01
-9.359584881824549452e-02 -8.342909310512011678e-02 4.267038872491105833e-02
-8.912717886591617344e-02 -1.200610977579232991e-01 2.066495926486265344e-01
-1.081246869526134025e-01 -9.808555011070543839e-02 2.065086940874426014e-01
-1.086746330489792439e-01 -9.837530689936402339e-02 1.995677949511925342e-01
-9.565043109046086900e-02 -1.255623764748391435e-01 1.723697956259584718e-01
-1.174025489202600303e-01 -1.066333279063945982e-01 2.629850963181345480e-01
-8.277642096891478507e-02 -1.118301888358239765e-01 9.010858812944186336e-02
-9.029819328300117687e-02 -1.185718465007954275e-01 2.331369756610054134e-01
-1.122931859453640685e-01 -1.245330703755711116e-01 1.731626693302617537e-01
-1.120816527133683960e-01 -1.111842931763708658e-01 1.309226900207827171e-01
-8.166680045526936160e-02 -1.020677850455228991e-01 1.136256921670161929e-01
-9.936547957168914702e-02 -1.206306210385174049e-01 1.030632367861820803e-01
-9.320249580780289034e-02 -1.012702063507968792e-01 2.031254364722898942e-01
-1.059675614832264884e-01 -1.259549420438437484e-01 2.877286234688931632e-01
-1.101856991450079065e-01 -1.257923154519121067e-01 1.729688666980817302e-01
-1.217131659528288140e-01 -1.090078091952890044e-01 2.356420057448295191e-01
-9.574534845185857235e-02 -1.170763106575896245e-01 6.524007106444108806e-02
-9.624201061146107905e-02 -1.037332347657951848e-01 2.353762071705317316e-01
-9.202558246876506309e-02 -1.244456743342734484e-01 2.306348524841061731e-01
-1.087008540710117932e-01 -1.045441558434222068e-01 7.903099178171822670e-02
-1.174532777619721746e-01 -1.211021623220045751e-01 2.164430162889264819e-01
-1.041196967624343356e-01 -8.927907868238688094e-02 7.004341002043372455e-02
-1.003422594525617967e-01 -1.190153102284376013e-01 9.049889052862036820e-02
-9.122737624077154051e-02 -9.492224748139371782e-02 1.492814774587734039e-01
-1.118640017426130728e-01 -9.752429787306451936e-02 1.628019059395304224e-01
-1.125004352381937384e-01 -1.004141084619588342e-01 1.792304114505684220e-01
-9.345757028901456598e-02 -1.256199387197670936e-01 2.617984970568231207e-01
-9.028980274193129651e-02 -1.118434153429838096e-01 2.236935400375095750e-01
-9.904945243650843667e-02 -1.304832836681631414e-01 2.539783917173051297e-01
-1.046762959074867272e-01 -1.301460324747368558e-01 2.025038738859183396e-01
-1.041961736739207972e-01 -9.264582331979988317e-02 3.313546770191104496e-02
-1.063750018621327509e-01 -9.204634877837403195e-02 4.384861290941921563e-02
-1.207004175855821843e-01 -1.228153737361448589e-01 2.627365095893936520e-01
-9.714804788394927615e-02 -8.691924256435436258e-02 9.844948114011836671e-02
-7.962586805405981460e-02 -1.080279177743309477e-01 5.385504588037288987e-02
-8.292789037378006656e-02 -1.123930580145961894e-01 1.137019073399097857e-01
-1.153104783621627522e-01 -1.202136971008237187e-01 1.916240676363660245e-01
-7.985735486610315292e-02 -1.001423120320889676e-01 8.717547456011141838e-02
-8.077898345619483056e-02 -9.754613417674123932e-02 9.268574251607133996e-02
-8.137467516726831773e-02 -1.015735907202010707e-01 1.039238193695208728e-01
-1.029679696448127374e-01 -8.890818256564270161e-02 9.424956288132797788e-02
-9.510603796775046748e-02 -9.080458223525653128e-02 2.881036827531839595e-02
-9.701841397433551284e-02 -9.643011228425552028e-02 2.372883159977630385e-02
-8.360525720426527363e-02 -1.088981032768749913e-01 1.366871613807606745e-01
-9.090180183471008313e-02 -1.180203290396078242e-01 2.454256795615060438e-01
-1.097270950033103348e-01 -1.341035012552701799e-01 2.500897278983850724e-01
-1.060306992344551280e-01 -1.287308483770883138e-01 2.872897944395694236e-01
-1.115048722168278522e-01 -1.009747608590602502e-01 2.348894388581243831e-01
-1.070488793403534394e-01 -1.009428207678359501e-01 6.170573462961125022e-02
-9.604210970785403978e-02 -1.075658729448495804e-01 2.561000560800325565e-01
-1.009523210115876035e-01 -8.678979291255142781e-02 6.535747297405786194e-02
-9.493176154426023750e-02 -1.217458111494773287e-01 1.305511189391896643e-01
-9.864468374903462289e-02 -1.228271101864013143e-01 2.872462121147681402e-01
-9.555255351145977571e-02 -1.037984329340302242e-01 2.306579557242912915e-01
-9.994961137729865830e-02 -8.610141220665562534e-02 6.581111815417248212e-02
-9.481886240980708092e-02 -1.032787101168948785e-01 2.887781807178623275e-02
-1.175392507009748733e-01 -1.046886879156070094e-01 1.787197427239742009e-01
-9.441603591916773730e-02 -1.259448477620369045e-01 2.751131748529240251e-01
-9.275492026067677642e-02 -1.160898319147808389e-01 2.617200105259634424e-01
-1.175357716961574622e-01 -1.119890062201670533e-01 1.853953103176027017e-01
-9.117426351799248763e-02 -1.041226844011370750e-01 2.082376986766731330e-01
-1.002535371254386493e-01 -1.069029556975304579e-01 2.749064023950296143e-01
-9.042538849503309328e-02 -1.029869932704205460e-01 1.956526324489560320e-01
-8.449962744153087513e-02 -1.122924638756869625e-01 6.605134428551387438e-02
-1.106218847786112069e-01 -1.010550443629151390e-01 8.837173150776007902e-02
-1.155244469352774833e-01 -1.056686867737144653e-01 1.426659195255304546e-01
-1.033653694988379140e-01 -1.154707247989356783e-01 7.910369995164455437e-02
-1.084637374869886067e-01 -9.377118168520023889e-02 7.073537733126863958e-02
-9.645724479668618678e-02 -1.254562687465060888e-01 1.587285499305542968e-01
-1.006883823701139324e-01 -1.287457211463811646e-01 2.124512064289237889e-01
-8.000944648348770616e-02 -1.029688102150759926e-01 9.277349264717160704e-02
-1.086072926565007646e-01 -9.771282594527584686e-02 6.758742237048852297e-02
-1.117748656144179897e-01 -1.173114180619711511e-01 1.475862025596446636e-01
-1.060730770309542825e-01 -1.006781389853430853e-01 5.653376377367173161e-02
-8.012500154476007164e-02 -1.068996303254553526e-01 8.156448399885465883e-02
-1.041501137439936331e-01 -9.497453873115194178e-02 1.785816763733220347e-01
-8.350783831161273651e-02 -1.118949787955926117e-01 5.753004920388939819e-02
-9.940053312202284941e-02 -1.021913280893593928e-01 2.383316760766873155e-01
-1.113143712778790761e-01 -9.632172677462891297e-02 1.432657715182609204e-01
-8.150238870288692428e-02 -9.247065173682449124e-02 7.848641571001389872e-02
-9.293366740672082127e-02 -1.244675432989195835e-01 2.619719398308461011e-01
-1.002198032409410411e-01 -1.187590745478286636e-01 8.824549231288046636e-02
-1.071984370413491261e-01 -1.001459077877527720e-01 6.104379075349260914e-02
-1.156731696725897540e-01 -1.322762474389377885e-01 2.434176819870234598e-01
-1.026973247108536741e-01 -1.042650678121162106e-01 2.678122643384375778e-01
-8.460815978402394522e-02 -8.980792419126518156e-02 7.865465156057208085e-02
-8.464475576593406825e-02 -1.152330567740271344e-01 1.106131902589173460e-01
-1.084948154425086353e-01 -1.270278603943916229e-01 1.797424728814472905e-01
-9.494962761209360669e-02 -1.170736417012134545e-01 7.507387545947315222e-02
-8.391463965666756675e-02 -8.557108873872389110e-02 4.772160454035937610e-02
-8.553604712280067635e-02 -1.164501755367122887e-01 1.321686839814702197e-01
-1.039249096146316331e-01 -1.337515245796611629e-01 2.724707927313175237e-01
-9.806998597067616286e-02 -1.289989436881467111e-01 2.391975532510377256e-01
-7.800025988698411350e-02 -1.058848184977924517e-01 3.682510300326955616e-02
-7.933048663724230620e-02 -1.075213913941666516e-01 5.073590724700123566e-02
-7.592490303239117500e-02 -9.772980526930959144e-02 3.771356992482288034e-02
-1.121237858103684704e-01 -9.735564341819923084e-02 1.159101505064767251e-01
-1.084984137382808828e-01 -1.203680339822796180e-01 1.305545821789932948e-01
-1.039779474539492127e-01 -1.293098375046665416e-01 1.961700972138636923e-01
-1.195902898727501107e-01 -1.105691733792651676e-01 2.823384934517691458e-01
-1.018469072110733953e-01 -8.809444237703972780e-02 9.244382653096785973e-02
-1.172383499523437789e-01 -1.228018657223587801e-01 2.202902130404073566e-01
-9.728969478004224902e-02 -8.474293272060440252e-02 4.054224049660832413e-02
-9.759672755253376297e-02 -8.496035449159898556e-02 7.172624587273938868e-02
-1.022243141350073631e-01 -1.241882831943889459e-01 1.397872762408407521e-01
-8.364957587240882952e-02 -1.083708172952384391e-01 1.373482430280111577e-01
-9.022145713709432691e-02 -9.440649945443957414e-02 2.213942374199304175e-02
-1.233561894009704563e-01 -1.120075694591388948e-01 2.352613496294220508e-01
-1.069351919921372879e-01 -9.518463836638854647e-02 5.318254085416080496e-02
-1.237931218918388032e-01 -1.124777473210599454e-01 2.718214271821313699e-01
-8.989634222240591721e-02 -1.215638348932069901e-01 2.053665976846118235e-01
-1.091907612658489790e-01 -1.052922350477966534e-01 8.406967881544402665e-02
-8.332206122649241098e-02 -9.899673181564117019e-02 1.190883192212122271e-01
-1.130793760897699785e-01 -9.873509839240293684e-02 1.208557630875868177e-01
-9.346906157762500944e-02 -1.194225621698668111e-01 1.020442187837390657e-01
-1.023545136789416471e-01 -9.091743575935271049e-02 1.312626685280709748e-01
-1.147066634589738593e-01 -1.280218870133878195e-01 2.169493893021962883e-01
-9.839936469517256146e-02 -1.266011817041431953e-01 1.718370154296465502e-01
-1.107142398379541842e-01 -1.279426611435561523e-01 1.964903314105075349e-01
-1.118776061322556553e-01 -1.350503195402804890e-01 2.613588218232461569e-01
-1.166361391808168890e-01 -1.241609144367803175e-01 2.868059118609704305e-01
-1.162454734410864610e-01 -1.061486479383842579e-01 2.667196734716840711e-01
-8.792090052476120299e-02 -1.126759058081297088e-01 2.002418368136246740e-01
-9.594021339442518337e-02 -1.174147761595179390e-01 7.428729621416435558e-02
-1.080796708085418473e-01 -9.766193004219833607e-02 6.360000320791400763e-02
-1.042501998071184988e-01 -1.199199758343496985e-01 1.074942554652430077e-01
-1.110256440670417816e-01 -9.938402089352099678e-02 1.881451674354816250e-01
-9.060636305712586880e-02 -1.147785541280093163e-01 4.897351544017426034e-02
-1.228584998323137972e-01 -1.104479010718626697e-01 2.303158025291209554e-01
-9.806964751505338473e-02 -1.277212936809430377e-01 2.120610053256781480e-01
-9.861718808832223293e-02 -1.295862829899445956e-01 2.273487038886445599e-01
-9.487797199005224003e-02 -1.261523929828732293e-01 2.048606355192912898e-01
-9.272330879282306149e-02 -1.235576256990841004e-01 2.621767007188633425e-01
-1.061728554432956606e-01 -1.283839409213732852e-01 2.873965654092889288e-01
-1.154856706622149481e-01 -1.276292466160062755e-01 2.207957450909464325e-01
-1.175290822342844044e-01 -1.176565730290812656e-01 2.056390081936399772e-01
-1.131104649323296796e-01 -9.924431066737202101e-02 1.114621964374404722e-01
-9.375362412373292043e-02 -1.237867752246361308e-01 2.738588235241845026e-01
-8.860065810076564463e-02 -1.194611817989008201e-01 1.307832385706642897e-01
-8.424476122352525520e-02 -8.681087104801925303e-02 5.703535251067843453e-02
-1.009740912992307810e-01 -1.188182099092781746e-01 9.013031400525668702e-02
-9.861305893379278265e-02 -9.200183940469137955e-02 1.480441174542486693e-01
-8.676053308499329098e-02 -9.993155657864158381e-02 1.514403818600135176e-01
-9.105184472364562243e-02 -1.231130008350758975e-01 2.093020981897818211e-01
-1.038248298875342757e-01 -1.018791650346543565e-01 4.310742000844024202e-02
-1.071518312697931075e-01 -9.201148018833235631e-02 6.753334419746188921e-02
-1.021237706626634822e-01 -1.003265757289056453e-01 2.376840217527086407e-01
-8.516053227599147679e-02 -1.130354636526982037e-01 5.268763854714286765e-02
-1.034417593910842842e-01 -1.171289726291571409e-01 8.559635322892376885e-02
-8.387497769946548887e-02 -1.128975670607145348e-01 8.819407358842232258e-02
-1.088757110005261347e-01 -1.330322354793184447e-01 2.357981422649380321e-01
-1.069572808088622567e-01 -9.282166169966928060e-02 1.224794969752532048e-01
-9.899236501157344936e-02 -1.281672691852105417e-01 2.190339974622898811e-01
-1.097695962974950534e-01 -1.108818804909706829e-01 1.072046286087191130e-01
-9.041032042175568828e-02 -9.016841286973363567e-02 1.109892387040689737e-01
-1.180690029095974314e-01 -1.199383303009388529e-01 2.186562451806461360e-01
-9.241848451045432677e-02 -1.231414171594739648e-01 2.593888113120828010e-01
-1.092147980571588906e-01 -1.261424519119112020e-01 1.760638515395230863e-01
-7.606488276139629356e-02 -9.564794999489199812e-02 3.538490659742617866e-02
-1.075357447712456949e-01 -1.198290450233921028e-01 1.212984746746083864e-01
-9.843007634315362187e-02 -9.361833582238988927e-02 1.634437177475489000e-01
-1.046392077294071021e-01 -1.295655045192948829e-01 1.984815430389235691e-01
-8.436321038275354511e-02 -1.124166012592361652e-01 4.282665466610603711e-02
-8.140231150645761693e-02 -1.096014998965536280e-01 8.851152355401660510e-02
-1.157456837490235951e-01 -1.019094651361336784e-01 1.916603615195316690e-01
-1.167460579674105686e-01 -1.048670821524755464e-01 1.552639532030834213e-01
-8.992474041311364352e-02 -1.167091859930239894e-01 2.285038260881145644e-01
-1.145836688994117253e-01 -1.242359839885927714e-01 2.019594662675656405e-01
-7.829512793225501532e-02 -9.229745442538996036e-02 5.185423723954481895e-02
-1.100776969637992375e-01 -1.093933733884353277e-01 1.050870283782766590e-01
-9.906381346090664675e-02 -1.198445284855929743e-01 9.644081628967821063e-02
-9.664428928418956899e-02 -9.978209468623530642e-02 2.089397836168762346e-01
-9.003992551023015656e-02 -1.147744053003659642e-01 5.382300290784148428e-02
-1.029562829205045577e-01 -1.101407703640095992e-01 5.939091408181590426e-02
-1.021700893419818790e-01 -1.120406140744824586e-01 5.929055676125848107e-02
-1.008017000794221435e-01 -1.258109730186750541e-01 1.563123534885671462e-01
-1.000134895476594704e-01 -8.606985166895517181e-02 6.447645179068364762e-02
-1.144409265115377550e-01 -1.040429019035156166e-01 2.574368284111499539e-01
-1.160486723772788664e-01 -1.020501143766999602e-01 1.602003012131798521e-01
-9.559248445911615322e-02 -1.236354776110340087e-01 1.465713261813603174e-01
-1.081782698170664636e-01 -1.248573112404945257e-01 1.621759391470449507e-01
-8.507844958440337335e-02 -1.092614013227232173e-01 1.639361831850361662e-01
-9.877226291887207521e-02 -1.091190536334041700e-01 2.799974045875084916e-01
-1.153190403063131947e-01 -1.028771768152173666e-01 2.080523112228774008e-01
-1.032256877873636847e-01 -1.120421863156975534e-01 6.557069682768758290e-02
-9.159975273926269923e-02 -1.109953323558906940e-01 2.389305482892176424e-01
-8.188918905905062662e-02 -1.012778043046960175e-01 1.131952878787732542e-01
-9.075202894829231814e-02 -1.109491047628009958e-01 2.271763967065162926e-01
-1.096989617454299792e-01 -1.351266378342430297e-01 2.632535990246163138e-01
-1.042401982154429196e-01 -8.925146883745478654e-02 6.734692484947230051e-02
-1.092756977892705983e-01 -9.365191507291094342e-02 8.906431530743556813e-02
-1.044807956593962611e-01 -1.289257869285485025e-01 1.916427663938394532e-01
-1.009326361266144473e-01 -9.119410743503744698e-02 1.401938384742510701e-01
-1.134530485712390152e-01 -1.270871856038072456e-01 2.070550195780429537e-01
-8.846410747703108146e-02 -1.141828618482802205e-01 2.088666824935717092e-01
-1.124093106494199606e-01 -1.014849399321211681e-01 2.082808205164297932e-01
-8.828373165650500731e-02 -1.157581383754915233e-01 2.077987543266605619e-01
-1.120892229206033042e-01 -1.138040601866970591e-01 1.393688995124967578e-01
-8.811452536856644036e-02 -1.193172066951191379e-01 1.846724029753925300e-01
-1.103022374842859421e-01 -1.072099234788525951e-01 9.941400721321931588e-02
-1.058881506468676986e-01 -1.116417274270273124e-01 7.934928528898917144e-02
-9.352133895094748295e-02 -9.094661913355298055e-02 1.281425490334209827e-01
-7.908548099393296338e-02 -1.015135126367650159e-01 7.946634635969286597e-02
-9.524472769777267422e-02 -1.236550622826653179e-01 1.477728806408978302e-01
-1.041651530200836812e-01 -8.939090452540272846e-02 7.257927661135861463e-02
-1.038963526141167965e-01 -1.065056714714807673e-01 5.706098504103342822e-02
-1.013516923159342165e-01 -1.312208262008016657e-01 2.487343009870287835e-01
-1.143862448706896573e-01 -1.177305280366951062e-01 1.743693925686572721e-01
-1.046042853029617581e-01 -1.171795759652073526e-01 9.058127747419526810e-02
-1.175653578428798446e-01 -1.042891267779868653e-01 2.140808862245976163e-01
-8.656673442575428534e-02 -8.627787541225755141e-02 6.442119882736714598e-02
-1.051096680594175575e-01 -9.049792632339120901e-02 9.480010792987506041e-02
-8.810766352097598730e-02 -8.629762766197983381e-02 7.028818473872429362e-02
-1.003292287540236694e-01 -8.864072565806090098e-02 1.116417650510909548e-01
-1.244140100812166499e-01 -1.147156508711045242e-01 2.693646046183307829e-01
-9.991124661848491129e-02 -1.233069763172187222e-01 1.287898481771766745e-01
-1.160669885424770315e-01 -1.330109903365720991e-01 2.576417703517521751e-01
-1.048988269682827046e-01 -9.275505243821573209e-02 1.414149828578025181e-01
-1.218616081222094610e-01 -1.215649625658181826e-01 2.730771318236743794e-01
-1.151110312239710803e-01 -1.334228089817504903e-01 2.691772340880305703e-01
-8.992020154574333068e-02 -1.105805274332073151e-01 2.191379462379634269e-01
-8.023888312998536665e-02 -1.037002338529790374e-01 9.649701654715504839e-02
-1.046793922581612246e-01 -1.136049514850750591e-01 7.964817550774695720e-02
-1.169708484914697005e-01 -1.076965025587600655e-01 1.651641462339442368e-01
-1.132546361701348842e-01 -1.324433956028520099e-01 2.807429058265091815e-01
-1.033062316946750658e-01 -1.296637964955064393e-01 2.172987472980484891e-01
-9.127426438676514153e-02 -1.221383846865943257e-01 2.374147650094804163e-01
-1.077046550047366658e-01 -1.341432475169646310e-01 2.825432429253306177e-01
-9.212700877445621772e-02 -1.216619623457712435e-01 2.596445145436516166e-01
-1.246563413859135550e-01 -1.144759032514967717e-01 2.684088724559349770e-01
-1.047809570329418655e-01 -1.334311097352395004e-01 2.639361274023195314e-01
-1.164936865819676676e-01 -1.036112477539853360e-01 1.507280928289844724e-01
-1.088155786238616668e-01 -1.230380694576996697e-01 2.879330757653386641e-01
-1.053647882633273747e-01 -9.076652253302064377e-02 9.722441289326916314e-02
-1.015835377813982671e-01 -9.895695368595358588e-02 3.258030482318839682e-02
-9.408951031908439899e-02 -1.175126123809428907e-01 2.783646992661465425e-01
-1.233799828605163657e-01 -1.164312457492641950e-01 2.605837734634927072e-01
-8.943945115863781437e-02 -1.208099444234542602e-01 1.948206272503342773e-01
-1.088014901770034681e-01 -1.100447852678930888e-01 9.313074115165813349e-02
-8.906873839238922674e-02 -1.125081294747575233e-01 2.160343527029812971e-01
-9.729889742650404960e-02 -8.454725446433701552e-02 6.240412157487806172e-02
-1.127454045795231452e-01 -1.243770579608887011e-01 1.800417719878343870e-01
-9.032662684343321924e-02 -1.206514243880097842e-01 1.260617292793846100e-01
-8.717492417989147757e-02 -1.139859386445229300e-01 7.997469831678798158e-02
-1.156237691577990945e-01 -1.104987516353880678e-01 1.605248274501097083e-01
-8.727408149765761292e-02 -8.679627497766406741e-02 3.118416736013594065e-02
-1.100438156568567249e-01 -9.978269392506468327e-02 2.090785247720554629e-01
-7.908480351134206110e-02 -1.075587882363393255e-01 3.792566476496705974e-02
-1.065007671761167424e-01 -9.086848170822950377e-02 5.537016322628014048e-02
-1.018401777698351857e-01 -8.784594591217023685e-02 7.371970308720170173e-02
-1.134656904037118913e-01 -1.146839004429400094e-01 1.543032752369768723e-01
-9.360300681679295520e-02 -1.230334934522921281e-01 2.723543960609441927e-01
-1.065157364353025576e-01 -9.222407848257556384e-02 1.160049816355826213e-01
-7.615593456353531021e-02 -9.862026867250779649e-02 4.283555702180030789e-02
-1.027348391854210896e-01 -1.181050062558827579e-01 8.952951404826205162e-02
-1.118698522730380285e-01 -1.071312938320158753e-01 1.159500126027860345e-01
-8.654231495337050273e-02 -1.180295521998235009e-01 1.281224272841971490e-01
-1.144644508732136218e-01 -1.140720112774197270e-01 1.622296059892594233e-01
-1.054614160985479360e-01 -9.021480950481300387e-02 7.081325530869712892e-02
-1.103118619974637754e-01 -9.579487322756290169e-02 1.448562425017917432e-01
-1.100535525248102081e-01 -9.641666321179362398e-02 1.608660907239194138e-01
-1.052111666306580484e-01 -9.153937347155255422e-02 1.200798576718383470e-01
-1.152537936292915288e-01 -1.069089898107977582e-01 1.438430359487256061e-01
-7.821446425995809415e-02 -1.042025459723732589e-01 3.040959752777679451e-02
-1.157416972450214798e-01 -1.139519751605161391e-01 1.743807904095691363e-01
-8.704077011342016557e-02 -1.170115047380582973e-01 1.692298826827555169e-01
-1.135441383610549526e-01 -1.127919570225011520e-01 1.482125524286848073e-01
-1.214864777211583230e-01 -1.088138716021963132e-01 2.383196242912065388e-01
-1.224357573348150013e-01 -1.171185332088562625e-01 2.561747473807240993e-01
-1.131994780267359807e-01 -1.273917828316836753e-01 2.077775142260350760e-01
-9.593942853912504343e-02 -8.554272703715223858e-02 7.881362768532787499e-02
-7.667737742034645698e-02 -9.648632086153564880e-02 4.644256633121161132e-02
-1.221093368228916565e-01 -1.198247746093178828e-01 2.632714931270401237e-01
-9.764032901684660537e-02 -9.848804918958110888e-02 2.610036495700011894e-02
-1.045175349660162067e-01 -9.642623940083924761e-02 1.971935375006652891e-01
-9.253105592053392781e-02 -1.213015253395698934e-01 1.269861657314821368e-01
-9.750091136142978454e-02 -1.286567418669379570e-01 2.239824803794110419e-01
-1.217478363654178192e-01 -1.212063721735585214e-01 2.675545400895468773e-01
-9.128469409878403606e-02 -8.305936842680627930e-02 4.755335322099056572e-02
-8.556312991072421992e-02 -1.158519054847529928e-01 1.519323378271217329e-01
-8.415607121700414972e-02 -1.040659920706356878e-01 1.387559969492724865e-01
-1.057974265702825711e-01 -1.124658975830014757e-01 8.156391123680342692e-02
-1.118558530817837793e-01 -1.156934167292374416e-01 1.431855864163458780e-01
-8.156448489006573599e-02 -1.081813414103212356e-01 1.104212595091734195e-01
-1.165460448945378619e-01 -1.033380274194175413e-01 2.081617565099241896e-01
-9.044595746509781486e-02 -9.551744844453959049e-02 1.492754042785910396e-01
-1.118316973493624911e-01 -1.261606898287574163e-01 1.779573649816385272e-01
-1.086302051306612809e-01 -9.530169962550014140e-02 1.391276430513356255e-01
-9.246731028359754523e-02 -9.148571934426122376e-02 1.288596326509859058e-01
-1.185043450934158415e-01 -1.055859113465930504e-01 1.998508700871313715e-01
-9.698265004282963231e-02 -1.155116467970860733e-01 5.631059448046252941e-02
-8.909354388677562242e-02 -1.176661899222691127e-01 9.614041795244773758e-02
-9.413873898008398577e-02 -1.215086700288722232e-01 1.294082927901338276e-01
-9.173348145927920361e-02 -9.635277700379714372e-02 1.579834808633810150e-01
-8.509263331456363988e-02 -1.098600879990354190e-01 1.640002379372351160e-01
-1.054322616662658058e-01 -9.091132039700514089e-02 1.011661951718347829e-01
-8.789934502272510330e-02 -8.438104182516342755e-02 5.332733013541898770e-02
-1.099903911561132264e-01 -1.265570654996469036e-01 1.793580555196691018e-01
-9.722168522162025206e-02 -9.953599318143024899e-02 2.101095510294110069e-01
-9.253925926245845646e-02 -1.067384277125819209e-01 2.288464197901201314e-01
-8.632026495246830633e-02 -8.337106891082894655e-02 3.210551062918583914e-02
-1.014763753066922208e-01 -1.147398497531336020e-01 6.788192450593918958e-02
-9.753278527011405297e-02 -8.633157006211658602e-02 3.033460928858391567e-02
-9.401100410015836295e-02 -9.701792048377445854e-02 1.747114645625680862e-01
-1.083650979788419594e-01 -9.458912170929903440e-02 1.465722427406618844e-01
-1.139911879296623826e-01 -1.047862240665156097e-01 2.701601113342015914e-01
-9.450966490726603331e-02 -8.826874703396635213e-02 1.068657178022381221e-01
-9.245411009657246437e-02 -8.661103773042035103e-02 8.703121537600910784e-02
-1.193000565039160354e-01 -1.190584736618712641e-01 2.282496629392440635e-01
-1.049335506520004541e-01 -9.432361024291686935e-02 1.716333039962674445e-01
-8.590652742720231161e-02 -9.821904045463596133e-02 1.356110850081294061e-01
-1.172493693538220194e-01 -1.234927645202927027e-01 2.228718651143780372e-01
-8.584946448686013587e-02 -9.029397265066840816e-02 8.961947290047017622e-02
-1.116661268642527433e-01 -1.014032789736882961e-01 2.117865000347406712e-01
-1.160637134272243520e-01 -1.019575686649338980e-01 1.704257804736672710e-01
-1.085744478829455129e-01 -1.064869413082796673e-01 2.860666981631148631e-01
-8.507764900189070112e-02 -8.456534566748487303e-02 4.586154001453975754e-02
-8.999300880273698733e-02 -1.116659821989203494e-01 3.219811278997124215e-02
-9.731122802839142771e-02 -8.823293452866166897e-02 1.107886212268822251e-01
-1.109925932230133167e-01 -1.106098292203371164e-01 1.187140011053531702e-01
-1.148712230666585760e-01 -1.205540082246988193e-01 1.884580121341626613e-01
-9.468917314992676693e-02 -1.055230834445510107e-01 2.388938533063037772e-01
-9.711452636525857995e-02 -9.096750723235143277e-02 1.373764808183363939e-01
-9.223981996081777324e-02 -1.237317879233015699e-01 2.399803261804489274e-01
-1.164182888667474047e-01 -1.221763120255322521e-01 2.111981914798143622e-01
-1.191134013632195593e-01 -1.074188462650697562e-01 2.616437008685857379e-01
-8.524838582922272812e-02 -1.152398526662462425e-01 1.510754954650772586e-01
-9.470968691588110833e-02 -1.166392246494000196e-01 6.125732482407172247e-02
-1.041800658707812688e-01 -1.062082550864104774e-01 5.786099148174475570e-02
-8.582863256288852938e-02 -8.325997875264416759e-02 3.805382009010468969e-02
-8.704878826940562475e-02 -8.818142425798418393e-02 8.266499911839071679e-02
-1.068807079618035588e-01 -9.647257224004225640e-02 1.783607892169969678e-01
-8.977467679947816193e-02 -1.165777050961409322e-01 2.252276330704257590e-01
-8.120571546615848457e-02 -9.296368071693277002e-02 7.887808002333017432e-02
-1.179741705296385584e-01 -1.288445990412654674e-01 2.479128866924594221e-01
-1.168961089896464328e-01 -1.073409443585414680e-01 1.630604966371689557e-01
-8.932889844827486547e-02 -9.918539123269007329e-02 2.914380059663333744e-02
-1.118846899437650894e-01 -9.633314164520752343e-02 1.299879994262626293e-01
-1.082314334912903298e-01 -1.062287001128559560e-01 7.820875369855398440e-02
-7.862962647197584143e-02 -9.757423072267207287e-02 7.266140333586026956e-02
-1.178805477962020648e-01 -1.203014400463219558e-01 2.180034699625254535e-01
-1.195764072344265572e-01 -1.252643092056800189e-01 2.588139255005661443e-01
-8.987678070812037123e-02 -9.117640213921382464e-02 1.148397413853386451e-01
-1.042367893760940273e-01 -1.261047441104133082e-01 1.640949114779731988e-01
-1.162132670234520410e-01 -1.243760141093027821e-01 2.162841081159792012e-01
-9.095362760315783834e-02 -9.240607412184344283e-02 2.999742834160745372e-02
-8.901251579661530189e-02 -1.209237042663080380e-01 1.678971817732524685e-01
-1.045587906387529659e-01 -1.050089815282172212e-01 5.742084283987114457e-02
-8.561287129669212237e-02 -9.257161325110600802e-02 1.036087475224210241e-01
-8.537043443695778444e-02 -1.109297372694050682e-01 1.711520275275024427e-01
-1.143120308124360995e-01 -1.000667697206544110e-01 1.281353029781521491e-01
-1.006258380028856869e-01 -1.246864508758720735e-01 2.878529938613765271e-01
-8.324949540035730955e-02 -1.120632167581609578e-01 7.946743329713323867e-02
-1.121707661643380066e-01 -1.260216344073299410e-01 1.853676551921956128e-01
-1.120737873034544640e-01 -1.086242696544512804e-01 1.226646395740884077e-01
-1.040798594101141061e-01 -1.224651565006341647e-01 1.284906855661022140e-01
-1.062218432061289297e-01 -9.449892294418861527e-02 4.559289853724438069e-02
-1.012935332162071961e-01 -1.251967334667873077e-01 1.481598972279593862e-01
-1.192115602299182314e-01 -1.252999314376357920e-01 2.698615568032219914e-01
-8.775828632092717851e-02 -9.772851454050757170e-02 1.451216492083738929e-01
-1.011534291507795169e-01 -1.272593923079218814e-01 1.771323681650505966e-01
-8.987839280735084035e-02 -9.914832021894283420e-02 2.681741872818664552e-02
-1.128632925409791543e-01 -1.298090093686460333e-01 2.159734459910426230e-01
-1.072427272460672043e-01 -1.111468772169935948e-01 8.446772621236206535e-02
-9.547934826843812450e-02 -1.215607297347374577e-01 1.133548254583342657e-01
-8.730523527653688554e-02 -1.137505155545454477e-01 7.811937878347358089e-02
-8.554195293511354659e-02 -1.168176617438306530e-01 1.271830460540145369e-01
-7.845089846533877254e-02 -1.027661379821255411e-01 7.561498358793085350e-02
-9.270954224727449844e-02 -1.185656117381816976e-01 2.639527317873063827e-01
-1.226034377338839909e-01 -1.190011613146055858e-01 2.649171574116481187e-01
-9.539531785074756298e-02 -1.132674712493224323e-01 2.783197772038252249e-01
-1.078470286187050015e-01 -1.010159532740762117e-01 2.494839229758091526e-01
-1.052167159354260167e-01 -1.308255386107174678e-01 2.243378729618737688e-01
-8.953169111122261103e-02 -1.165088769698952448e-01 8.844183826691498496e-02
-1.075274913967103618e-01 -1.006610165002685131e-01 2.461809051649483382e-01
-1.220462492656416570e-01 -1.094506799342413322e-01 2.716345504890039786e-01
-7.985532061667047210e-02 -1.011209940759597026e-01 8.757009226146623970e-02
-1.219277066268840276e-01 -1.092040234299793688e-01 2.264051886091393850e-01
-1.067080276811457201e-01 -9.911016290220997504e-02 2.182587972622739292e-01
-8.718871288324511748e-02 -1.123282122281058781e-01 1.930069719714897492e-01
-9.978952124222431608e-02 -1.252850823833911997e-01 1.506044308864691594e-01
-1.132251070473161564e-01 -1.023920196114478376e-01 2.426433657306902580e-01
-9.452130588026766422e-02 -1.228268840271512785e-01 1.424271889398499857e-01
-9.722241367375927812e-02 -1.246975566034412841e-01 2.858826988257062718e-01
-1.016815216868410948e-01 -1.220320765864209150e-01 1.173414915401383152e-01
-9.026938162787589981e-02 -1.113604461740918539e-01 2.227428679753173935e-01
-1.057794902686811644e-01 -9.406490006037795948e-02 1.664107593900952531e-01
-7.854389720052706858e-02 -1.050348801088990397e-01 6.517124384739728105e-02
-8.908000832725744556e-02 -1.051835006043936455e-01 1.911104282936941234e-01
-7.773822527129570226e-02 -9.794659868693758598e-02 6.277747387851924377e-02
-1.057199375572670935e-01 -9.371802480642632549e-02 4.053493649906041163e-02
-8.209194357548552090e-02 -1.104711460702780396e-01 9.951158379176840152e-02
-1.230689605124705016e-01 -1.107574682902337654e-01 2.464789648385029563e-01
-1.032706795913133774e-01 -1.236267979899067365e-01 1.374978795669060672e-01
-1.118685934118927305e-01 -1.350424174197881466e-01 2.587591561550142694e-01
-1.039102939677428172e-01 -1.329593942141344409e-01 2.599124164284922767e-01
-8.222696060527788509e-02 -1.066709395160405499e-01 1.198011067807886465e-01
-9.146557227090888753e-02 -8.382537471419475306e-02 5.780828854220258078e-02
-9.861345130677082182e-02 -1.216821003213139352e-01 1.118050093797531147e-01
-9.918301077067279148e-02 -1.030713810348753007e-01 2.434155953434031794e-01
-9.162605450482548541e-02 -1.091244106109076767e-01 2.305442642811872944e-01
-9.171031463527025418e-02 -8.306290928807374963e-02 4.824264248435913838e-02
-9.104276823469205360e-02 -1.030000923875498825e-01 1.996670061003367191e-01
-1.094470371353934851e-01 -1.068643678764592542e-01 8.925861679538307780e-02
-8.396503026494338273e-02 -1.122768121444970152e-01 1.413926275655265630e-01
-1.154066582293847981e-01 -1.012231311151864654e-01 1.646864181357469703e-01
-9.221679021855543057e-02 -1.140107486036502776e-01 4.240188349866780976e-02
-1.181925697321177804e-01 -1.100349146900306829e-01 1.910635039002049063e-01
-8.522489499964415460e-02 -8.378307016135108642e-02 3.992872435473809878e-02
-1.105336669080139445e-01 -1.177810180726949069e-01 1.372658709279565570e-01
-1.061234552775060652e-01 -1.032377941965863244e-01 6.158668066049786255e-02
-9.115094985904212410e-02 -1.185092603227888147e-01 9.587450191615180806e-02
-1.066404771395910861e-01 -1.296961202295063564e-01 2.008146946948075329e-01
-1.202396977022858471e-01 -1.126088910419815736e-01 2.141381314417102055e-01
-8.040619321233563599e-02 -1.051976380996193644e-01 9.648586420842412970e-02
-8.843466107337535909e-02 -1.200857037573432179e-01 1.693857515872635722e-01
-1.102386012868586951e-01 -1.159248109604387178e-01 1.285222267228199600e-01
-9.573846840525772339e-02 -1.282836314088571239e-01 2.574878542232815759e-01
-1.155280537680375141e-01 -1.327892039095458776e-01 2.530319699048266258e-01
-1.118491417882115369e-01 -9.976411720179541309e-02 1.855264031746990117e-01
-9.234033256793386379e-02 -1.072102582288240458e-01 2.292258716396196883e-01
-1.224623112165256072e-01 -1.171927468556731161e-01 2.573869809390633701e-01
-1.143640579957680425e-01 -1.320253458291298088e-01 2.370974914641785225e-01
-1.165249971207712870e-01 -1.044865975627370519e-01 2.416126718945137974e-01
-8.279074346065061485e-02 -1.114278731238457637e-01 5.635907300391894414e-02
-9.912066243040117131e-02 -1.101767160860251948e-01 4.050690595848282366e-02
-1.058633859529665988e-01 -9.880805614007613646e-02 2.228920487041910203e-01
-1.059023915132703136e-01 -9.144123743989938935e-02 1.074863474670677693e-01
-9.307478203860093668e-02 -1.098234016454493062e-01 2.458078044155267705e-01
-1.191918291185282280e-01 -1.063354269963264070e-01 2.485195498395968705e-01
-8.650438284060034400e-02 -1.176784338701151872e-01 1.219171697270596127e-01
-9.535353869258474113e-02 -1.187865103796310468e-01 2.840032672731995222e-01
-1.061181803156269338e-01 -1.200791416562692754e-01 2.884575411930068167e-01
-9.800290028546601584e-02 -8.753892429035395328e-02 1.036512044037227465e-01
-7.988502713201670047e-02 -9.891826518231607024e-02 8.658961163828052254e-02
-9.506279941791898058e-02 -1.279050444710321810e-01 2.652095682561118051e-01
-1.028175465196489446e-01 -8.805674128908946852e-02 6.483017962579995519e-02
-1.001306127704986448e-01 -1.079676929204444885e-01 3.860771552489423303e-02
-8.839456153531288773e-02 -1.125430404005256374e-01 3.398269718204526696e-02
-8.876737136316828480e-02 -1.196009884772410159e-01 1.300469687840740407e-01
-9.918071851116269655e-02 -8.944708987857032112e-02 1.235732996503525055e-01
-9.258534843989632557e-02 -1.176444738931008566e-01 2.609201815234237776e-01
-1.009090340298174765e-01 -1.116376837219059948e-01 5.192017868724922713e-02
-8.820275677587531560e-02 -8.816003343818669402e-02 8.734748801126171469e-02
-1.128489815012971992e-01 -1.192015395266834005e-01 1.642163292507065331e-01
-1.160797376527032271e-01 -1.237529075724080468e-01 2.134843658681730150e-01
-1.135122290436581249e-01 -1.030984274257344957e-01 2.460093384608035283e-01
-1.053801126727462734e-01 -8.964330244717670648e-02 3.829331959573655658e-02
-9.908906166440614727e-02 -8.579197546757105775e-02 4.975713841702857076e-02
-9.005009039124303727e-02 -1.205902936521826008e-01 2.174173443286014362e-01
-9.299763612482248032e-02 -1.132573051016915883e-01 3.972873775007174785e-02
-8.242390273599849160e-02 -1.114877862111468970e-01 9.752789383248749999e-02
-9.260475363840418861e-02 -1.229747350462378069e-01 2.620242969373379194e-01
-8.540727627758468166e-02 -1.116304106111534605e-01 1.717103548335834895e-01
-8.810933479692212300e-02 -1.195947554855924105e-01 1.728509413472367195e-01
-9.568567332703956096e-02 -1.173478774795956442e-01 2.845549813719049914e-01
-8.128429809399310979e-02 -1.024063210811521074e-01 1.039835785806422219e-01
-1.048658473780776645e-01 -8.856280340100786130e-02 4.764707415070111585e-02
-1.162559559807704035e-01 -1.189965525385634215e-01 1.968341584993509585e-01
-9.499730056092275943e-02 -1.260623176166705828e-01 1.957450004039422709e-01
-1.150113118921704258e-01 -1.135248572803374406e-01 1.656738637814708093e-01
-1.095545196534490756e-01 -9.862737404987363676e-02 1.934613870524420631e-01
-9.003505284737978176e-02 -1.016213467102576179e-01 1.854106092497151415e-01
-9.815605303950480920e-02 -1.079268438704046457e-01 2.714771771082141183e-01
-1.050568214888512875e-01 -1.116910034738638757e-01 7.498318557113914373e-02
-1.239289822543762354e-01 -1.110901213076895405e-01 2.654813647383069131e-01
-8.139915221200118289e-02 -1.102671933201528759e-01 5.665279521829649084e-02
-1.105976800791939607e-01 -1.328630551761624534e-01 2.360529446771691409e-01
-1.004699470011208157e-01 -1.270890705542712940e-01 1.726776497783154563e-01
-1.140376400486237812e-01 -1.026251317243467298e-01 2.202777018329607484e-01
-9.089316330549179757e-02 -1.152377694574688721e-01 2.420146678236722027e-01
-1.091731153760577416e-01 -9.515990161125452429e-02 1.300553801256086883e-01
-9.528376133577484697e-02 -8.754542091833901474e-02 1.007287066422489635e-01
-1.157172814750723755e-01 -1.165593857279513951e-01 1.833882659484735722e-01
-1.120159160532600146e-01 -9.653170558395478273e-02 1.390782002845056542e-01
-9.729500054970113831e-02 -9.944004982948093097e-02 2.085072271692839097e-01
-9.756770774134931878e-02 -1.295251489985851379e-01 2.314634277943730112e-01
-1.142027923309682086e-01 -1.105303600842063860e-01 1.465453497163540786e-01
-1.223919526543440911e-01 -1.097855676755811610e-01 2.290372179439981448e-01
-1.020817660141848937e-01 -9.397322169379597467e-02 1.718972745358809118e-01
-1.080436157759972760e-01 -9.932221128589253933e-02 2.249248203112158839e-01
-9.063754181266073240e-02 -1.066935417674919340e-01 2.125546157305815975e-01
-7.608871397443948970e-02 -9.759878910899050242e-02 4.078117057201858381e-02
-1.028980742011679217e-01 -9.739662044245239736e-02 2.115894174564552921e-01
-1.039479307643984829e-01 -9.042928553963953953e-02 1.153542237828632522e-01
-9.700476873529186028e-02 -1.023097179763963194e-01 2.285335914017882220e-01
-1.092853836401635470e-01 -1.224325199579951451e-01 1.552688327297349902e-01
-1.045236731279986231e-01 -1.108855759184088213e-01 2.878766827311760590e-01
-1.081687579161317719e-01 -1.336952576953016614e-01 2.493832863231749963e-01
-1.173775233589487849e-01 -1.189481613777359087e-01 2.084041406974944111e-01
-1.243483745743417801e-01 -1.121780399000233963e-01 2.677627849841220931e-01
-8.623419297855901278e-02 -1.153944850359383406e-01 1.639010248602712494e-01
-8.330882053701321732e-02 -1.120836880832759147e-01 7.241546898340110727e-02
-7.862955977064470248e-02 -9.910072116322794777e-02 7.499947554569889874e-02
-1.192161736218248919e-01 -1.056469385368757896e-01 2.068804223634976569e-01
-9.555319593271836831e-02 -9.320672320557536750e-02 1.539717047103695280e-01
-8.904302877961886575e-02 -8.809667864557020611e-02 3.099424743463107673e-02
-1.111793315487773354e-01 -1.170954149415954770e-01 1.412237669595049760e-01
-9.490552519167169687e-02 -8.543066641363392111e-02 7.891532565225709006e-02
-7.625536784910143251e-02 -9.788888679927690295e-02 4.281824301289300500e-02
-9.422587286840945764e-02 -9.550607459963370016e-02 1.681429707698258724e-01
-8.475361857225301165e-02 -1.148063123202435337e-01 1.005785161834229086e-01
-7.973556315318156007e-02 -1.039200619355460098e-01 8.168049540162472533e-02
-1.009608672769120169e-01 -1.251469081037107911e-01 1.475287764589638673e-01
-9.063414660190138861e-02 -8.704511511857059014e-02 8.572868962040325336e-02
-1.095804266207907052e-01 -1.351293934686459419e-01 2.597629431527861965e-01
-8.757956606066452654e-02 -1.004140691477874020e-01 1.582147820278733130e-01
-8.133931907126314143e-02 -1.077106321722687693e-01 1.007078453193437223e-01
-9.071277761732682299e-02 -1.006540896599976836e-01 1.844600403067702121e-01
-9.824201287167143304e-02 -1.194959869353209719e-01 9.224218673717496375e-02
-7.846393942798973731e-02 -1.049547675633146215e-01 6.431297577761223294e-02
-8.869514609884103506e-02 -1.203246824079961808e-01 1.740462018445120274e-01
-8.498726847954476971e-02 -1.148402604095208057e-01 1.445062379370713190e-01
-8.436225692217827477e-02 -9.752362357420438221e-02 1.213534270194146919e-01
-1.066490534613612623e-01 -9.917913329909727738e-02 2.170046379185568419e-01
-8.582672420158848903e-02 -1.166356168245958891e-01 1.377983341455029376e-01
-1.136091883289379739e-01 -1.146907089680702097e-01 1.558103004827590121e-01
-9.396399199909119537e-02 -1.008430258697048804e-01 2.050439972726436910e-01
-8.715737632778837451e-02 -9.938296939681848241e-02 1.514504856815959699e-01
-9.229943675117611990e-02 -1.214891076875478371e-01 1.240227891911171026e-01
-8.607914400675541200e-02 -1.161642571828200576e-01 1.569323943564071011e-01
-9.313859957458696381e-02 -1.166125568318403111e-01 2.674102958367327032e-01
-1.008553846458437597e-01 -8.700151549646963078e-02 4.569990023251650074e-02
-9.873371581954978882e-02 -1.299845596215861987e-01 2.301468904222868650e-01
-9.210925380124346251e-02 -8.827622780995558749e-02 9.947928270811617901e-02
-8.366553233422167890e-02 -1.099590385042815421e-01 1.367206264813380368e-01
-8.816632179694938731e-02 -9.408683097182972410e-02 1.267934351908842072e-01
-1.059918394861361496e-01 -1.069338831737848411e-01 2.858471136767262166e-01
-9.166209081647222479e-02 -1.211767015742559461e-01 2.450811888243149272e-01
-9.147445889169350530e-02 -1.241347905172558858e-01 2.002999305169789190e-01
-1.162229826809363098e-01 -1.022205853216633931e-01 1.712515228318115257e-01
-1.080715571285977700e-01 -9.546666717667266766e-02 1.670592684494877911e-01
-1.086923568698063280e-01 -1.164652314547200557e-01 1.155229600912905386e-01
-9.456208249037545421e-02 -1.259016402446087868e-01 1.953285660410355729e-01
-1.075237906025075657e-01 -1.237492277396041729e-01 1.494432597154319031e-01
-1.051246256404618218e-01 -1.222659893585466839e-01 1.318809979612141081e-01
-8.887516889016537636e-02 -1.148585607014598192e-01 8.031744736259967266e-02
-1.107986853773921948e-01 -1.022743460157252982e-01 9.196043229408515374e-02
-1.187915791758523965e-01 -1.055752855755294900e-01 2.304247728929281203e-01
-1.020859659647753437e-01 -1.313063045237643223e-01 2.394696702289796919e-01
-9.068053260612840560e-02 -9.351533402726953936e-02 1.352421985175974173e-01
-9.436053336582654605e-02 -9.450334322261420839e-02 1.587301485608539342e-01
-1.170560811243273325e-01 -1.310097537140890445e-01 2.624548571513266038e-01
-1.123665167337179749e-01 -1.325001499283160744e-01 2.368985192270996742e-01
-1.058235854244372470e-01 -9.047386647371996604e-02 7.332898762544470816e-02
-9.342728560105577340e-02 -9.882535726361253714e-02 1.890650424196708423e-01
-9.652799569172736127e-02 -1.091533921730376139e-01 3.342686693879816373e-02
-1.158570993546594874e-01 -1.303650077666884122e-01 2.781175773518147487e-01
-1.084135454903506907e-01 -1.171801573746302089e-01 1.151527748131624951e-01
-1.014843713981460338e-01 -1.000537826025162669e-01 2.266644951869725977e-01
-1.192618124150884862e-01 -1.060961080265930417e-01 2.196052496516255059e-01
-1.043963652616585053e-01 -9.324727446564665123e-02 1.579517172422655047e-01
-1.137276999253040988e-01 -1.086804504175337555e-01 1.363453514694916158e-01
-9.060617624487143917e-02 -9.738183125380520111e-02 1.922775203314249989e-02
-8.453981943742168437e-02 -1.125245990374758864e-01 4.257095031508578709e-02
-1.192585266640486946e-01 -1.219549358064233729e-01 2.381651673429048544e-01
-1.005273758917409194e-01 -8.727146863810866795e-02 8.821259893408379960e-02
-1.029369550265819833e-01 -9.289881777806922869e-02 2.960217679517984993e-02
-8.741847321923648662e-02 -1.025769847482876224e-01 1.659241946192886730e-01
-1.011834888840083269e-01 -8.806614693680776818e-02 1.014419717059272114e-01
-1.200446835780393795e-01 -1.075315024394466884e-01 2.105096861442009026e-01
-9.690659364194431635e-02 -1.203262819740842371e-01 1.022391417090049437e-01
-8.170877134229076466e-02 -9.726035934710446085e-02 3.069235265070293858e-02
-1.013503391391142178e-01 -1.184165814674474210e-01 8.803190034707936151e-02
-1.003547680295539951e-01 -1.156000819692021148e-01 6.747508707989333110e-02
-1.022287867336571787e-01 -8.688808835365624539e-02 3.835534371836643586e-02
-9.099637729066405167e-02 -1.218459071212972533e-01 1.429522219208702594e-01
-1.147895760237428592e-01 -1.005371714554591234e-01 1.547029220023941332e-01
-1.111198370666687391e-01 -9.632726788419003483e-02 1.424129584309956342e-01
-1.119246659847479564e-01 -1.062507542474472183e-01 1.136574159121492428e-01
-1.203337839276527599e-01 -1.080098299865654976e-01 2.136588118768524835e-01
-1.143268982046773408e-01 -1.236021256590426193e-01 1.947579928153601592e-01
-9.501661767816531323e-02 -1.218701421232360610e-01 1.327403616732076852e-01
-9.422411027574069398e-02 -1.225962348303491212e-01 2.808907399298533614e-01
-1.112564949193565605e-01 -1.055694454584572423e-01 1.040185122146025376e-01
-1.013197778487094219e-01 -1.336688556697871177e-01 2.796807163143838482e-01
-9.707678144347968441e-02 -9.489554847570069729e-02 2.402666337336358676e-02
-1.084586471712549877e-01 -1.345398282343325536e-01 2.712877355458958584e-01
-9.120457061479414484e-02 -1.137475801271039255e-01 2.442649352612877856e-01
-1.024892232825122818e-01 -8.654993735882574035e-02 3.568882524711518289e-02
-8.365407042881409239e-02 -1.011078512996980983e-01 3.013368077023132960e-02
-9.671440052767737994e-02 -9.919812622840259997e-02 2.062898870616857172e-01
-1.019254473220458646e-01 -1.083625558432474434e-01 4.781404941821553595e-02
-1.040029283548903893e-01 -8.834411036033838760e-02 5.566598721589906262e-02
-1.006752110032237690e-01 -1.283603324168434978e-01 1.933695268420146385e-01
-1.044067131026184536e-01 -1.210558202841799380e-01 1.163693498330649057e-01
-8.323624959546926938e-02 -1.108574085169667101e-01 1.277564961058874904e-01
-9.045793990748741964e-02 -9.487323278443132724e-02 2.486063055014060136e-02
-1.116518231464065508e-01 -1.016642089789892844e-01 2.173606437083185627e-01
-7.784056006705845909e-02 -8.984387713179492474e-02 3.897455625265116436e-02
-9.801415909126910686e-02 -1.047449476557107129e-01 3.059602940763267442e-02
-8.768501550868910976e-02 -1.173063479278315113e-01 1.065702132892753368e-01
-1.021397840569993193e-01 -1.066062758800728899e-01 2.815983160806079244e-01
-9.394280571316154793e-02 -1.242751630286884207e-01 2.759728624519194318e-01
-8.880240312322869312e-02 -1.141400734371685460e-01 2.147324473028691116e-01
-1.045530125858813442e-01 -1.301894857602887423e-01 2.201932595023547434e-01
-7.592991350946166895e-02 -9.910804835895743736e-02 3.423767658115787343e-02
-1.092065165621064482e-01 -1.187560220640710568e-01 1.290173994295733817e-01
-1.071955612736143482e-01 -1.241234737555020201e-01 1.564972037772310309e-01
-9.409403922719598856e-02 -9.781477405566833816e-02 2.211941473418689921e-02
-8.085938032958242538e-02 -1.092672936338244249e-01 8.330990289727568943e-02
-1.106424336746988507e-01 -9.506034180473549311e-02 1.267759880770672476e-01
-1.140887049204260817e-01 -1.022110326107412426e-01 2.283371157983739574e-01
-9.919601137355592291e-02 -8.672890095262959786e-02 8.706264191440396538e-02
-8.888880303732825394e-02 -8.302065434871962191e-02 4.399781131826280278e-02
-8.065230489556737825e-02 -9.214931770034751057e-02 7.336705001045429331e-02
-8.013629855298425031e-02 -1.036091102714204598e-01 9.481748563251005124e-02
-1.054163487029745744e-01 -1.306238489659912461e-01 2.225623911455419934e-01
-1.122714874788154488e-01 -1.001711986166327339e-01 1.763913181690044130e-01
-1.097389025087368297e-01 -1.002942045753110606e-01 2.348380808318096258e-01
-1.033466399035914557e-01 -9.250183164867381569e-02 1.513293502100704624e-01
-1.020072245874676237e-01 -9.882114198677523220e-02 2.203276238071056881e-01
-1.142123330705104023e-01 -1.113603539934971687e-01 2.879397310636105933e-01
-8.249321385410898766e-02 -1.110470992996936690e-01 3.861135671857142404e-02
-8.689250969831176230e-02 -1.137145957642471394e-01 4.928562753014210929e-02
-1.038818796458651494e-01 -1.303973914541642909e-01 2.082841596840218079e-01
