2.137399478765098296e-02 4.660250950012057719e-02 -1.085879256518281540e-03
-5.423699179229675947e-03 5.644626250642274801e-02 -2.127029098617955281e-03
-4.572551165950532875e-02 3.014318223197839930e-02 -1.993690381976555206e-03
3.231595818184975367e-03 -6.073629723556348003e-02 -7.961556841744848578e-04
-1.028938806090132496e-01 8.841808401380103766e-02 -1.671812080365719239e-03
-5.228302734611904590e-02 -6.141844258181811123e-02 -1.799299242598543114e-03
-3.702695118950307535e-02 4.821773130652174527e-02 3.128892481768900946e-02
7.366574586493424004e-02 7.243047329654765665e-02 2.935243275484184303e-02
3.491135906480511558e-02 1.985883590392532871e-02 3.239092170627923262e-02
4.105022835776075962e-02 -3.796675361798124149e-02 3.279070213488075036e-02
6.171338533732795978e-02 9.007793875267348926e-02 -1.482886876517143255e-03
-8.928161107468232660e-02 -1.042617028248680189e-01 2.128159142348550956e-02
-5.730499740174060247e-02 -7.084998959406743624e-02 -1.692248044620931445e-03
1.142387726729415381e-01 7.067966882041142040e-02 3.387651207039898277e-02
1.802962867124031920e-02 -2.584797295422704144e-02 3.236769375506103052e-02
-3.127204145537594571e-02 -1.329879550518737186e-01 3.150304378621461565e-02
-1.156445899801175972e-02 -1.384850923993254934e-01 2.081109857322265694e-02
3.720056295047325517e-02 1.045778514822415517e-01 3.241805477224619925e-02
1.294497396121375987e-02 7.261088497115664175e-02 -1.264267599763219899e-03
1.082581921762892918e-01 2.191753405535974697e-02 -5.817750836515131040e-04
1.227021850089999588e-01 1.253197118991054154e-03 3.317144412813991666e-02
6.658870801147588614e-02 9.151919614509367029e-02 -1.498391243030189465e-03
-1.089171355478903980e-01 7.255652477378088383e-02 3.108907581404489820e-02
4.061734930216535228e-02 8.629437926214086896e-02 -1.282114909011244528e-03
-1.244066988182689626e-01 -6.831901858679632900e-02 -7.229299902116993965e-04
-1.067270142458276033e-01 2.280750296613125519e-02 -2.506289489795693239e-03
3.868439023566751234e-02 -1.284262579221740475e-01 3.283818114048205061e-02
5.257499687907021824e-02 1.376097854833896808e-02 3.273638708155930666e-02
-5.969660050127641171e-02 -7.142281524927673875e-02 3.194647264651492152e-02
-5.666435904968691872e-02 1.057562631830506472e-01 3.097436171732061844e-02
-4.196915332998571446e-02 1.185586821673481617e-01 -1.794290357973031026e-05
4.462563069960940459e-02 9.650303216382745408e-02 -1.306530826289187871e-03
-2.568629434964948832e-02 2.045187220521700600e-02 3.152065441168039328e-02
-1.595231640281680879e-02 -5.520104039573997534e-02 -1.630646238483661123e-03
-1.657675678074209576e-03 -1.154598165266842308e-01 -2.216723088860329501e-04
1.609417281587238735e-02 6.540154837162788504e-02 -1.180940394679314519e-03
-1.778149906678437586e-02 3.038109337265713396e-03 -1.510539535725721142e-03
-4.109102616099880728e-02 7.511217497405262011e-02 -1.899984749682426559e-03
-7.043081023030526785e-03 3.750626947357602742e-02 3.189704444511159281e-02
-3.406772212240503916e-02 7.319514516856048814e-02 -1.943583577064007068e-03
1.026019849842324666e-01 -9.200418922711411929e-02 3.133033426490548778e-02
-5.892119997644685442e-02 5.255735036312630254e-02 3.087983086916117059e-02
-3.950822152347421845e-02 6.977134544703297858e-02 -1.797268647139928103e-03
-6.427687764209291665e-02 -1.216554762103765203e-01 -7.808535977827796293e-04
4.004992569430294164e-02 -5.541025865874103784e-02 -1.107990726515307748e-05
6.276575805252748719e-02 2.992922998837956212e-03 -5.941764395058380527e-04
-2.233542566435157278e-02 7.065865282676482562e-02 3.149333313716229377e-02
6.680875834627175713e-02 -1.234314725512717370e-01 3.349929659300304730e-02
7.823025451273932229e-02 -7.235607891686154924e-02 -4.317764800606153724e-04
7.947789869254885675e-02 -1.065091423777846796e-01 2.472672980113781172e-02
7.648125221086632397e-02 3.805412977824204623e-02 -8.734805885269892331e-04
-4.442664678006758711e-02 6.153772663504139540e-02 3.138951519606918150e-02
1.289572435897735625e-01 8.440662732670106694e-03 1.763073426002758140e-02
-2.606255800870063699e-02 -1.373787680052136473e-01 2.646065794008375938e-03
-4.974867306535098177e-02 9.447548680945222488e-02 3.116529791431617638e-02
1.279474104705093096e-01 -5.189134873213012422e-02 1.884515032090345460e-02
2.388524249362704473e-03 -1.917531468656228505e-02 -8.876217971170687537e-04
-1.152183201107013361e-01 -7.742950416123314805e-02 3.116887521353992399e-02
-1.045159512046716643e-01 5.419993659051717400e-02 3.097083533268113822e-02
-1.286235388007699876e-01 -8.267778713605546115e-02 1.222460710006406485e-02
1.092231362082865115e-01 -2.265706108415651773e-02 -9.800750030949220617e-04
-1.258636037898909488e-01 -2.999281908299351179e-02 2.381345916436686250e-02
-1.040644637667641759e-01 4.357684210706607580e-02 -2.754317165862680411e-03
5.555501265586856863e-02 -1.223242298925993066e-01 3.398235713409085423e-02
-7.915343695111093369e-02 2.207299523423644078e-02 3.116356979757173642e-02
1.191568795551297549e-01 -7.180797160905567911e-02 3.346358921852952278e-02
2.513197719050629803e-02 8.575059782651907325e-02 -1.333210393673476884e-03
-2.656004900957668197e-02 -1.365955357267294168e-01 2.867858374331205482e-02
1.230530719287348945e-02 1.184215559690105363e-01 1.801389690386545270e-02
-2.404680188035386579e-02 -1.375581114399155036e-01 2.319120949064430726e-02
1.070377145629074628e-01 -9.355199451494045082e-03 3.451554828995285346e-02
-1.086762068812034410e-01 6.478277362769575831e-02 3.121873476976854550e-02
1.080369781359942077e-01 -1.064211406047020636e-02 3.451790160853642625e-02
-5.265624047278100184e-02 1.538474465173285399e-02 -1.859343911888050377e-03
-3.717469597026026168e-02 8.516653222736669804e-02 -2.244135776316295069e-03
-1.103387653278697922e-01 -1.120754403168382346e-01 3.233964514370275302e-03
-4.395085263573102197e-02 9.535979115109551041e-02 -2.203902254471689151e-03
-1.232163152219775959e-01 -5.774286632058509006e-02 -5.767905364551661898e-04
1.128142732083418087e-01 -6.849864722792936567e-02 -3.994720603746644149e-05
-1.266843834148747849e-01 -6.048565812542683329e-02 2.050537444115991224e-03
6.348525058370235730e-02 -1.227241222510987856e-01 9.617162879091954459e-04
-6.406268945340200249e-02 1.153498555988704127e-01 3.081728546105133928e-02
-9.709151503410481943e-02 -1.267001701214819087e-01 4.150303386077647434e-03
3.507763283115690293e-03 -7.329740809956634962e-02 -1.229124811477379274e-03
1.521258210814355714e-02 3.858351657173523380e-02 -1.283073273937162043e-03
-5.021046250346639789e-02 1.125080893597925485e-01 -2.518463881527428609e-03
-7.407280692471968075e-02 -7.620335005125507266e-02 3.165956473083469253e-02
-2.095636174576008537e-02 -1.167073705732940420e-01 2.617810340995773755e-04
2.544182355981492935e-02 -3.727247117779500934e-02 -8.882137951491636367e-04
8.988464343422609970e-02 8.885583486359278221e-03 3.365182923680628407e-02
9.453183320971215997e-02 -1.207698628751777137e-01 7.461681315774261296e-03
5.428089233028589311e-02 4.247791222975418057e-02 -9.727108975600676135e-04
5.042209454021327752e-02 -1.388075202248986173e-01 1.998546330570317303e-02
5.352850956464408338e-02 -6.946254229484498388e-02 -3.531074195015854525e-04
1.272005809933231257e-01 -6.689475873819605845e-02 1.377483780703224990e-02
-1.228437570402006462e-01 6.818713100299368668e-02 1.233515406493125403e-02
-6.792200929774684648e-02 -8.028948755847155339e-02 -1.230347149855372376e-03
1.724394785341753188e-03 -1.169101828739719656e-01 -3.274854492258364065e-04
3.602206805556525115e-02 1.091968393048627639e-01 3.229738566815439083e-02
-9.252984847275397967e-03 -1.332171522319708923e-01 3.126445150894439223e-02
1.225905496081191540e-03 -5.766344699329539747e-02 -6.907781221619008942e-04
-5.459105522368156577e-02 1.019354869029366756e-01 -1.860812949881550252e-03
-6.428297806030466854e-02 -8.224471629359342284e-02 -1.168427560486856023e-03
-2.069045561957106455e-02 1.444133620212586892e-02 3.172868721980933587e-02
-8.101172133228345951e-02 -1.612895824991976423e-02 3.160376052545039310e-02
1.781252107033967982e-02 -3.166779534997491569e-02 -9.521642150479377089e-04
-2.181548553650425326e-02 2.427210786238622603e-02 -2.004458427591608149e-03
-5.809543233100571136e-02 -8.859384905714982883e-02 -1.202524276453590443e-03
-1.293007108510818570e-01 -7.064672126677912223e-02 1.909967831169542482e-02
1.040345214395122508e-01 4.481863133683926248e-02 3.382300126185581318e-02
-4.140111213982647365e-02 3.305331525985967522e-02 3.129340674459844818e-02
4.734789284587236774e-02 9.982989719027708653e-02 3.261155768299613816e-02
-4.850626335445960141e-02 7.472180215865130426e-02 -2.178031633499528420e-03
7.209705102605072635e-02 -1.025366420736210926e-01 -8.700642212909727522e-05
-1.769732499086561217e-02 1.188920655400277360e-01 4.980072246926697289e-03
4.379740188476975715e-02 -6.383680963817192633e-02 3.290666360921063599e-02
1.143432930491475180e-01 7.098344207173037934e-02 -7.334533811193165659e-04
-5.646700852012457444e-02 7.711757808394542613e-02 -2.017918094086281790e-03
7.813042583084379988e-02 3.454945854964962954e-02 3.307749321488424182e-02
2.730555798551348792e-02 1.065221762023330597e-02 -9.083629625255870265e-04
-7.838751894132632569e-02 -3.540668303246755771e-02 -1.671090551042695490e-03
-1.245953050526027797e-02 -2.629857618286804768e-02 3.282162434047741079e-02
1.092029825449996744e-01 2.879668674841551895e-02 3.344001728781069438e-02
-3.554483487037369410e-02 7.819489121511180585e-02 -1.973303133577361881e-03
-9.302075101145614033e-02 9.672617928206929394e-02 2.759223379291205966e-02
-1.058225926566043751e-01 -7.764425913625467961e-03 -2.102290489945538715e-03
1.528456237921281546e-02 -1.247714143228823847e-01 5.128714336809250774e-04
8.099476450774113767e-02 -1.330646463341872976e-01 1.843498369909359058e-02
-1.005579210542588420e-01 4.232588801393686456e-02 -2.662321169330872286e-03
6.816854105826174182e-02 -5.237048521465886147e-02 -5.307354039117563295e-05
-6.461490877857742343e-02 -7.929780377812211192e-03 -1.744518737454859789e-03
-9.424064042023841403e-02 1.090330516794220522e-01 2.385390874494218091e-02
8.225014962905449756e-02 -1.165088773277552087e-01 3.130122024298015448e-02
7.918368472095030364e-02 -7.992279937503952991e-02 -4.003811348784620783e-04
-3.830507786001647458e-02 5.557284474052603951e-02 -1.679869020869894638e-03
-2.864211632050758793e-02 6.414313867324636376e-02 -1.897849804490010697e-03
-2.534662641174979456e-02 4.750442555175395792e-03 -1.625303727543637132e-03
-8.044782819577328548e-02 -1.121177610619341486e-02 -1.684423123644466624e-03
1.020997216074686492e-02 6.175231511164144121e-02 -1.386578499287638433e-03
-9.574745462104608529e-02 1.082401007725897341e-01 1.278388269939032505e-02
6.847436860987136942e-02 2.171120511348772000e-02 3.294305704346389002e-02
1.223773164695726029e-01 -6.729285322475257736e-02 3.259215821775195837e-02
-6.749678845541702554e-02 5.583093910611060251e-02 3.100847679446416469e-02
6.783098454986918879e-02 7.955046321048744873e-02 3.215625868550073263e-02
-6.974740653902081894e-03 8.460892455846494298e-02 3.237640932777064579e-02
-5.903097692685071313e-02 -8.270527506898850412e-02 -1.309130604944148740e-03
-4.619888727940800466e-02 -1.379930890352015493e-01 1.690165724147273119e-02
5.996094090094122864e-02 9.129821831947756983e-02 3.237750551082908823e-02
-9.685654049410446359e-03 -6.985802197269397329e-02 -1.497154922678577528e-03
5.256866907747544809e-02 -4.545793862265497080e-03 3.268173601135246353e-02
1.196639126818555832e-01 -3.557573825429059117e-02 1.954305187772138047e-04
1.125850166271524788e-01 8.028187902907131523e-02 3.357794948977578520e-02
1.260573008434259512e-01 -5.509196122843813825e-02 3.466454221581935415e-03
7.646169783213620230e-02 2.963153024672396732e-02 -8.094226886644598391e-04
-1.245200861677426413e-01 -9.921217350932879514e-03 2.252019087711091758e-02
7.696681110811953719e-02 1.146106859430640196e-01 1.137308983269751106e-02
-8.011225281646314200e-04 9.327939536799488562e-02 3.310849476648636269e-02
5.919745803631835945e-02 4.367463572153139351e-02 -1.178600000753767842e-03
4.350303322573723791e-02 -7.711824551008639173e-02 3.334339600369176648e-02
-2.394897028579492070e-04 -6.116386766928929783e-03 3.253275770959633550e-02
5.333544289406124024e-03 -1.016981219694490859e-02 -1.018998686880960439e-03
-7.942494898821531035e-02 6.857253362618390136e-02 2.686327708418606922e-02
-8.963253537929825876e-02 -1.900811239229827435e-02 -1.639941139878662918e-03
1.114158428710305820e-01 9.452143207959230742e-02 2.169199862848202043e-02
1.062425377590375669e-01 1.087949339954214466e-02 3.405525034727910350e-02
1.065727744309063335e-01 8.021105609116625790e-02 2.845062252992622276e-02
1.129563095545764104e-02 -8.526147958509019964e-02 3.287134011589140647e-02
8.834202626440168515e-02 -8.467647323627963685e-02 2.888207852355376831e-02
1.625912107233186410e-02 2.075257238525778439e-02 -1.083099786182621736e-03
1.277034071132265858e-01 -5.162178061244430960e-02 2.193903003523466760e-02
-4.444933099941254101e-02 -6.211850886958140278e-02 3.232199177079260466e-02
-1.036178411792465504e-01 -1.117673543324868013e-01 -1.110299190377632417e-03
-1.257857264491208937e-01 4.088228246805235971e-02 1.105000243430140361e-02
4.589005618686642016e-03 -1.308538985311424041e-01 2.189715080651362823e-04
4.616347178883299651e-02 6.267581761939133855e-02 -8.110813278676871647e-04
-8.774255192141210136e-02 -2.793873826122039369e-03 3.101825058387964323e-02
8.919123465090478264e-02 -1.038509333994444700e-01 6.804613840440110455e-04
4.300057377890061788e-02 6.445547063186621295e-02 3.204680555363598887e-02
9.098912743440090711e-02 1.212631514943791899e-02 -5.618520585094587258e-04
-1.013215561412277310e-01 -1.060023474325204051e-01 2.238914728638009138e-02
1.261811919046131325e-01 -4.780928919914444880e-02 3.083354483144246788e-02
-3.429985368159196857e-02 7.017567149555538342e-02 -1.926923933117485714e-03
3.976881144643117615e-03 -2.063132672797386713e-02 -9.082091211385554495e-04
-7.990772108874269475e-02 -3.728962844353377049e-02 3.161289144405706603e-02
4.924865399329132754e-02 5.213515988604751350e-02 3.240686390783367038e-02
-7.269034739117236077e-02 -1.489574712072744625e-02 -1.596430064264698625e-03
-1.888006120284556333e-02 -3.344649628650605416e-02 3.226176002824692607e-02
-6.862549447487051313e-02 9.659552174847537559e-03 -1.689615044959645596e-03
4.970856370078561431e-02 -4.520126037876089770e-02 -2.929534586518095507e-04
1.077119112029651382e-01 -1.093647799954132610e-01 1.204369676940006753e-02
3.544864361631237804e-02 -1.261378836069073153e-02 3.276672375406102650e-02
-2.556554521379918524e-02 7.099742199263718578e-02 3.159864757696640575e-02
-1.133997442219027985e-01 1.800337812649775715e-02 3.114567175435900212e-02
1.985580344541583442e-02 1.962993299495226045e-03 3.234057225433531468e-02
-4.323693477425198661e-02 4.763849916259781103e-02 -1.878918765509647463e-03
-2.316050649942297951e-02 -7.086738910413550082e-04 3.185353233456534455e-02
-1.245170788668778644e-01 -6.715890525489913443e-02 2.997044706177141513e-02
-8.692250426959274856e-02 -4.778086811712502213e-02 3.152687920622803536e-02
-7.840663518202597992e-02 -1.344407607537424221e-01 6.701642436180509088e-03
-1.141436787923044704e-01 9.168716074544987216e-02 1.555830134001230831e-02
1.063261659583993463e-01 -1.103879617994319023e-01 1.170383401454775860e-02
6.578823275725605157e-02 -3.323606923102737261e-03 -4.462487588795421606e-04
5.364392592620841754e-02 -1.283668704620979581e-02 3.294149703410210323e-02
-1.001197061053343551e-01 6.212862532019678558e-02 -2.334792565044623968e-03
-1.778309556373904032e-03 -1.370264096967591383e-01 2.824450403950922676e-03
8.733606441822324915e-03 -3.143666231531335592e-02 3.274693241194812088e-02
7.961195158841838371e-02 -5.040316254780510472e-03 -6.825436172672319848e-04
-8.618212950258465066e-02 3.753602202619312628e-02 3.103639149008020556e-02
-4.314769070936770590e-02 -1.074120853550361993e-01 3.248926482808944111e-02
6.510073681343821195e-02 2.933678380846160838e-02 3.278459928335901441e-02
1.076667246830787933e-01 1.634455088040448478e-02 3.375387355211105500e-02
-2.050934704010841381e-02 7.749101274504853476e-02 3.145674717409640414e-02
-9.410900683286037294e-02 4.052491795323674012e-02 -2.449233767595707361e-03
-4.298392339688678065e-02 1.183003912057969537e-01 1.186279251970129463e-02
3.511933433368403731e-03 -1.394970397095757764e-01 1.760793651427916204e-02
-6.435955774157717246e-02 -5.059714920985734776e-02 -1.283185635335654150e-03
7.802051150189129314e-02 -1.262750516577088866e-01 1.673363453765498677e-03
6.650743220268134914e-02 -7.717377160315451456e-02 3.302930699322781383e-02
-8.207287001344500121e-02 3.497930364166352418e-02 -1.911193140413057099e-03
4.987926205166277882e-02 1.181035728939762719e-01 2.420752592638715853e-03
-7.020167472810265319e-02 6.421604517580063731e-02 -1.924288088651674019e-03
8.920260172648021568e-02 1.091800835159992406e-01 3.224185418724982710e-02
-5.523011038176328658e-02 1.135973417816232012e-01 -2.347407736530118718e-03
8.505430147841207267e-02 8.999156419604414925e-02 -1.989872340153352702e-03
-1.008592856226481760e-01 2.209115904410212730e-02 3.106610532482380685e-02
9.601754766641815153e-02 2.709351029867020089e-02 3.341931127239224780e-02
-5.180772568873747569e-02 8.426749379581550958e-02 -2.055396555031331358e-03
-2.959471037650208275e-02 6.721124962303470785e-02 3.173768986857380958e-02
8.419046538791528922e-02 4.444619914609687639e-02 3.302427507594112022e-02
3.969113828141471179e-02 -3.460554823842873495e-02 -2.901589631899645231e-04
-7.886849620742153455e-02 -4.444091830125059678e-02 3.180890375452494201e-02
-3.090996629919076644e-02 5.464789059760964685e-02 3.145573163925933363e-02
-1.566021010348008641e-02 -1.421232620636243317e-02 3.222763270670746943e-02
-1.086879337924727060e-03 -1.384306753385785294e-01 1.452204095587599983e-02
-2.845407931557930939e-02 8.838943074297349323e-02 3.125828736272236175e-02
-1.141648507664604767e-01 8.247757858030303757e-02 3.181813102485846981e-03
8.272722380274864784e-02 -2.917225278891475912e-02 3.327838170243123395e-02
-1.003288278476713591e-01 4.373507962258169068e-02 3.097654506177090206e-02
-6.231447115943272025e-02 7.920306936616683391e-02 -1.995514233681059194e-03
5.855987307822489024e-02 3.875637329811979642e-02 -1.208572308558621350e-03
7.502925107165986374e-02 7.007040553273737038e-02 2.939487417181259332e-02
-1.201690064490811005e-01 -7.586261685180603620e-02 -1.671678534072443181e-03
-7.184900658151043007e-02 -1.270737093068213530e-01 3.121087861327255519e-02
4.373585936356181453e-02 -1.383007431815883315e-01 2.234511526956729430e-02
2.220983081230516742e-02 3.037507643501548976e-02 -1.054612311687354873e-03
9.877178395325275639e-02 -6.196311697566109916e-02 3.441946313215276526e-02
-8.741556765474428614e-02 -3.401711698722603705e-02 -1.756151944715601170e-03
-1.263069989610485500e-01 3.877107637580905208e-02 1.440075811573159406e-02
7.878390714307041687e-02 -1.086268868295427875e-01 2.449719288234398704e-02
-3.858058699460460012e-02 2.139669804922913338e-03 3.161997803207672320e-02
8.940076943845053081e-02 -9.574104984252485018e-02 1.879653165007845179e-04
-1.025755506497524200e-03 3.653132077386740673e-02 3.181352286801299861e-02
1.027769238793614127e-02 8.437021749368572854e-02 -1.337656179568048366e-03
-1.996846390032745375e-02 -4.452096551515659362e-02 -1.724648451875722237e-03
1.287340674674712360e-01 -7.240040094589418433e-03 1.497076490312938303e-02
-5.270355853415262248e-02 -1.088273771869150974e-01 -1.165581659459435579e-03
4.485287722817510314e-02 -3.181378212569325320e-03 -7.332788292866227386e-04
2.972708094352413156e-03 -7.721960250008007287e-02 -1.162767613402733652e-03
-1.053230800952724248e-02 -1.717948809819808392e-03 3.274641112640720719e-02
8.271530376245032901e-02 -1.323438420753499933e-01 1.036542113420481359e-02
-1.248305397527837424e-01 -9.309207624111971724e-02 1.413629440722481354e-02
-4.600123773406320643e-02 -1.367738878739587216e-01 2.123209147727921769e-02
-9.051601549990061571e-03 -1.368274365884590005e-01 2.918931771968240677e-02
1.250067589817271431e-02 2.622192643459170594e-02 3.229649515644499036e-02
9.893381235572622223e-02 1.306367548978009351e-02 -5.650874757329192371e-04
5.108919869177395989e-02 6.650529541297220404e-02 -9.401322691772221688e-04
-8.224839380741370831e-02 8.549643978682970602e-02 -2.302255298557080547e-03
4.311625518754601954e-02 -7.119226049316138005e-02 -2.997153699503548414e-04
-6.169035672913635721e-02 -1.016542705607791919e-01 -1.259803407125021724e-03
-6.574106685914604675e-02 -4.456111322254298346e-02 3.175383683984991240e-02
1.111972789960401636e-01 -3.396242336223811650e-03 3.432461830147593568e-02
1.226051476497221626e-01 7.468714615540039681e-02 1.349751679975949581e-02
9.088553816219480108e-02 -1.015417344451459564e-01 6.244503650543907144e-04
1.156055207406255503e-01 2.720657776405190076e-02 -3.231865606258019588e-04
-5.591734654454955100e-02 -1.042318359637841793e-02 3.158398305004288253e-02
7.917974952214267004e-02 3.215897974427014971e-02 3.302903179375514531e-02
7.240484000300986822e-02 5.472805770080666626e-02 3.295413089389099409e-02
8.276655731035825747e-02 1.033747185090784504e-01 -2.342683533732529012e-03
-1.000591486316414758e-01 2.690544584151490209e-03 -1.784686614497671669e-03
1.222947581237493614e-01 6.512794894574362725e-02 3.379414370775799892e-04
4.840192246482724614e-02 -9.732000673417075254e-02 -3.068444431657748207e-04
1.104349894406899402e-01 7.827599186478222115e-02 3.306803423538851039e-02
-3.407195901410075417e-02 2.143559091330379807e-02 -1.799648683905909381e-03
1.414017514758041105e-02 -9.784882788540515131e-02 3.315210812158884274e-02
9.433616141301834346e-02 -1.084926882314689311e-01 2.385156081459267538e-03
1.195706652612543580e-01 -4.931790074944698843e-02 6.559849258495376338e-04
1.091626568325102103e-01 2.194495012274808032e-02 3.343604252021024209e-02
-2.709395619452257403e-02 3.996162112736429718e-03 3.146690267580316835e-02
-3.016514283970292767e-02 -4.101027541929593012e-02 3.154752104777123339e-02
-9.715930509258147163e-02 7.020576113655769418e-03 -1.795151890092315213e-03
1.131638615075198501e-01 -7.693391607812291588e-02 3.441433113557334361e-02
4.010451340648710922e-02 -1.235339665083223515e-01 3.324245912171874123e-02
4.909559002542489975e-02 1.019043181606206910e-01 3.273792804805059076e-02
-1.151549698973227398e-01 2.357924273115431790e-02 3.099172422271807489e-02
-5.838629978687481098e-02 -6.537441323449509623e-02 3.210342041543108593e-02
-1.066723361560055483e-01 -2.008381290045278822e-02 3.129938356776373887e-02
-6.029173715784901660e-02 -1.341737031209297715e-01 6.568293979328618422e-04
9.338289132410822202e-02 1.077463568025562035e-01 2.580094544691819217e-02
1.023679768546670588e-01 1.876776330077952609e-02 -6.214671446990599219e-04
-1.477912797307043107e-02 1.284273764805925547e-02 3.223479799212275454e-02
9.007529907308757522e-02 1.096909636952791145e-01 2.535997080166318279e-02
1.273006148940554992e-02 9.674096948822914765e-02 -1.524249026821454002e-03
7.581080526466517366e-02 -1.066217412079399213e-01 -5.778973543359437921e-06
9.843912772136059752e-03 -4.499314467988305144e-02 3.284479907402822196e-02
3.736773493390237177e-02 -4.794379444554731917e-02 3.265869732544832149e-02
-1.121338191714970900e-01 -8.096338132785806108e-02 3.129758128376177589e-02
4.276012424507832921e-02 -1.389680482434475783e-01 2.002266972446343357e-02
-1.049902255119008754e-01 -1.213129851680602445e-01 1.171023910465843025e-02
1.559436925782523194e-02 -6.856975475970956968e-02 -1.114397396971756509e-03
1.155395385724278766e-02 -9.981124203818293739e-02 3.319797935334013739e-02
2.259971721613355383e-03 1.033091906691045725e-01 -2.101708171040460316e-03
1.213508876788842172e-01 -9.125338115896636237e-03 2.623511528262519477e-04
1.310633318728177121e-02 -6.415805259119349013e-02 3.298754958100383328e-02
-3.845019739847123363e-02 -1.376296778961663136e-01 4.511974587623642646e-03
5.170597164701795645e-02 2.153116643949695708e-02 -7.096751530961876346e-04
-1.061043271450652498e-01 -7.366155949427860561e-02 3.113128661684847961e-02
-1.109428616888342156e-01 9.249471092623007262e-02 2.713071934206448804e-03
8.535144621680836041e-02 -1.649756198140383059e-02 -7.386339259765628291e-04
1.102237837573793039e-01 9.448278875410852373e-02 7.795206863110469217e-03
3.452615571052498195e-02 4.813711024909379105e-02 -1.103908152697918778e-03
-6.746117278425302344e-02 1.182808344788955773e-01 1.157090571844118267e-02
3.619423422879029795e-02 -1.392293271400311949e-01 1.960946976908979622e-02
-7.764261884936785041e-02 -1.086572679406602737e-01 -1.521617126062402769e-03
8.413787955502510796e-02 -1.323346175014522286e-01 1.654038741551083422e-02
-1.248134758453660897e-01 -7.180979959287771275e-02 2.977702123857467811e-02
-2.730846425906677255e-02 1.994960423259375601e-02 3.152541768562838048e-02
1.114381894229165768e-02 6.639908182985466978e-02 -1.300596457307411340e-03
-3.922615081326032843e-02 -3.066635931730915879e-02 -1.784328549506488878e-03
-8.940608961281210076e-02 8.944724829090903995e-02 -2.420693115660768526e-03
6.285120415009445849e-02 -3.481283842710069382e-02 3.289675912826123955e-02
-1.158678835363227411e-01 5.410602928141115125e-02 -1.087524511425843384e-03
6.950070173846931154e-02 1.045164973488925120e-01 -1.656661927569937553e-03
-8.842259656962539460e-02 -1.324436417125293419e-01 1.088934241921906895e-02
6.618330679435387165e-02 -3.876285471518409881e-02 -2.933383947962545286e-04
4.718999571137234145e-02 1.138610935955267078e-01 -1.786375061666437784e-03
3.929580527330026052e-02 1.011802760296971054e-01 -1.422052416014153286e-03
-1.077071188874697133e-01 -8.529607605071351517e-02 3.074939894799461407e-02
9.828962787307697624e-02 -6.877261687035149396e-02 3.426358117635048411e-02
-4.509593804921240012e-02 -1.320401923540759880e-02 -2.085313347344951943e-03
-4.479641039033868677e-02 1.146342481839985605e-01 -2.616001657804013260e-03
6.595908630539483453e-02 -1.155876684888661708e-02 3.291608430463193596e-02
-7.763131231952422051e-02 1.207160378897379795e-02 3.118292746203408378e-02
-4.878535717434066832e-02 6.926872508371989534e-02 3.129628788318414290e-02
-6.408891047612916281e-02 -1.222130838985197310e-01 -7.534803775064139895e-04
-1.177187111976055189e-02 6.839520902069183561e-02 3.183754270327564945e-02
-6.167012740449858907e-03 -5.106975969908233992e-02 3.304532012664251200e-02
-7.778896643031089908e-02 -9.834162147778592600e-02 2.614742289009304443e-02
7.982504152378765150e-02 -7.425348865658927544e-02 -4.213297791178064757e-04
-3.968165191271417341e-02 -1.974125210776018005e-02 -1.871865879214593825e-03
9.860974409600276047e-02 6.285004489259210514e-02 2.643514602884201176e-02
-7.642741114814630143e-02 4.857129970798216428e-02 -1.970092285159967798e-03
-7.994650285746265905e-02 -1.318465476675530490e-01 2.705545211046667814e-02
-7.158723206282373297e-02 1.181919103398055698e-01 2.038624955979614906e-02
-3.526657089264075701e-02 -1.050966599633501447e-01 3.214417260408779231e-02
-4.312968545713109780e-02 -9.468470107520825241e-02 3.213816466645629671e-02
-8.888252806266795647e-02 -2.943155303996169286e-02 -1.698348580071067267e-03
-6.440074583718723156e-02 7.710929265448211722e-02 -1.985718985194943453e-03
6.287735142686308454e-02 -1.211838484754605566e-01 3.367573137758374247e-02
1.004566262133295973e-01 -5.238084749691657160e-02 3.437949484329230060e-02
1.041420742325090687e-01 5.876669030807268879e-02 3.396947821334611595e-02
-9.907592594021358279e-02 1.583023503426038425e-02 3.096458356617239407e-02
2.637216974071739800e-02 6.952840798182272292e-04 3.221999512388835918e-02
1.469143184660390809e-02 3.985173578104710124e-02 -1.260733406602968084e-03
-5.499537415971053611e-02 8.346820460702474020e-02 3.118890735291953917e-02
1.032464485928514392e-01 9.350246858857551302e-02 -1.510258789371441476e-03
-9.027805869057553556e-02 6.099979611209623703e-02 2.824502962108767223e-02
-8.190867450550502749e-02 -5.843699112067399226e-02 -1.720336026577081292e-03
9.717328038956450642e-02 -8.247523313194911332e-02 3.213773126270903085e-02
6.608656670761949015e-02 1.812668503606043244e-02 3.284113882534876044e-02
7.497284452951955003e-02 3.040787812107670005e-02 -7.570567423112460918e-04
5.961454499844377752e-02 3.239981511485662269e-02 -1.128566986957648538e-03
1.201108605749817149e-01 -9.855618399552511233e-02 1.929957250587557849e-02
-2.129423034976866622e-02 -7.246669436667289854e-02 -1.917334550096768189e-03
3.059174208821655375e-02 3.246630464975087949e-02 -8.817311942150036358e-04
-1.017486659808355814e-01 -5.829659866007998181e-02 3.121187203983347147e-02
1.274540030625485598e-01 -6.301481099476007042e-02 9.730620433201516914e-03
6.654671294853842234e-02 1.126328534857741065e-01 -1.569907168021638863e-03
7.299498964368537901e-02 -4.774762762169052800e-03 3.301980600087184997e-02
-7.448784684853013149e-02 7.838888755712528078e-02 2.570991880433039570e-02
2.276778662715684548e-02 -4.373848653570742984e-02 -9.011648179221226976e-04
8.155486906703530992e-02 9.522104781227572201e-02 3.085415755119886444e-02
-3.879154439149355010e-02 1.582188941357876369e-02 3.147236857361411511e-02
8.332513729098893485e-02 4.063648203265233377e-02 3.310483705331253301e-02
-3.929435664710566323e-03 1.929523577873061904e-02 -1.635008088999701566e-03
-1.165407130408703182e-02 1.186989159192033821e-01 2.302204253223197588e-03
1.234190054643471979e-01 2.361013306158788599e-02 4.828269018232174501e-04
-1.896092975639165207e-02 1.185451331549598614e-01 -1.704424762304001455e-04
1.273568398083016195e-01 -4.380656106318277232e-02 8.197010802208175989e-03
-1.198860720106197375e-01 5.234105583534891595e-03 -4.302110849958407741e-04
5.468525867784956862e-02 -5.999902708527205669e-02 3.302564206363350907e-02
-6.496241241674856337e-02 -1.360115377805838355e-01 1.875991331943744483e-02
-9.480056991980090331e-02 1.018154952482999559e-01 3.049729082995426832e-02
-1.021516539957757347e-01 -1.027943735141803247e-02 3.097463005268335720e-02
1.089823947144138994e-01 7.614555466974584630e-02 3.215219972973323848e-02
-1.148738794622085752e-01 -1.050957243040273187e-01 2.834885025167979342e-02
9.350650308649448295e-02 6.075686117678823911e-02 2.699120919420968170e-02
2.030513080574700147e-02 -1.113616827066018777e-01 -4.073496408584367855e-04
1.749254479572193155e-02 -1.280746358286322384e-01 6.226381230677535900e-04
-3.152618059087942265e-03 -1.295116115882513352e-01 3.914809345368361945e-04
-1.233247842543214734e-01 5.181873684126131474e-02 5.998130344100231770e-03
4.516758716545063446e-02 -3.473680533945584098e-02 3.286811098803745640e-02
8.995897542088779342e-02 9.546707327235823271e-03 3.363260400017164392e-02
-2.834922782047070988e-02 -1.384185023930226133e-01 1.855983572184592006e-02
-4.670132066361732531e-03 -1.971874507153725462e-03 3.286315849516526638e-02
5.474892624985149697e-02 8.064316283804134899e-02 3.226547904648215809e-02
-2.777628805358410211e-02 2.981582880079911013e-02 3.177127859315662106e-02
1.128404638208371780e-01 -1.054314094218736370e-01 3.139339476562934272e-02
-8.953066545866612824e-02 -4.729698405070365333e-03 3.102933141777923162e-02
-3.513579585284315465e-02 -6.301372736582923351e-02 -2.285528047425790937e-03
-1.092359609627792383e-01 -1.103688009620918259e-01 2.925619045924294712e-02
-3.042053478863316045e-03 -8.470531196491243309e-02 3.297060321125700605e-02
-9.429186895750844843e-02 1.093580142308740316e-01 2.882313597800148855e-02
-4.738231303037813459e-03 -1.573443542631717748e-02 3.247430674913880794e-02
-1.162706029857600992e-01 -2.704657108192304316e-02 3.101930743008976532e-02
-1.287875901886403884e-01 -5.242519115369543431e-02 2.156996073133115796e-02
-8.958669599332157174e-02 -2.820120026783420192e-02 3.136169022492026753e-02
3.675592039764137564e-02 -1.346176198613551755e-01 3.038145399823672169e-02
1.357711584049921261e-02 -8.905002747187791556e-02 3.312507039348722149e-02
-1.289204397307052441e-01 -5.801945779200515935e-02 1.219247030917632209e-02
-1.100182759168305546e-01 -4.524681374892690344e-02 -2.324803393639357941e-03
-1.497479645417559672e-02 2.039423394048022961e-02 3.178874905830133407e-02
1.085750450111375304e-01 1.631489085854945925e-02 3.371618781453861180e-02
1.036009729655086586e-01 -9.583494447960025364e-02 3.104707279430308359e-02
1.281137742973644245e-01 -3.822642946181798590e-02 1.181103163816550616e-02
3.822431121262789833e-02 -4.368798846579972917e-02 -2.149600774587235598e-04
-3.433324817754663388e-02 -9.197569947533702772e-02 3.215711448299236191e-02
1.242481002486860719e-01 6.110400107373981787e-02 3.220807113519992548e-02
1.871809363517388386e-02 -7.166299577313500757e-02 3.294942602554398053e-02
2.100446144271532478e-02 1.000149213145282712e-01 -1.705282622726819351e-03
9.500672897505532677e-02 -6.008462155108072050e-02 -5.838491239312639056e-04
-4.713621045235959900e-02 2.798149866236655965e-03 3.155036577328693831e-02
-9.539002844030267103e-02 -6.024700803907482444e-02 -1.526176068968647164e-03
-8.622571433589545919e-02 -5.073994600537626992e-02 3.157104982183235597e-02
-8.496828273104595208e-02 6.366253902263541153e-02 -1.991369465841104618e-03
-1.309777634358140312e-02 -5.291905012123795937e-02 3.279346236551906185e-02
-9.806367778844313210e-02 9.795777230562875693e-02 -1.284137170633612140e-03
-1.238110451420963987e-01 -1.374540516636376698e-02 5.195933955325962236e-03
5.710446650074547242e-02 -7.823413172267001947e-02 -3.254061107183732525e-04
6.967315607934902733e-02 -6.073759619467783248e-03 -3.025644326820855936e-04
-6.114098518963317908e-02 1.019084905848658129e-01 3.093107879532299917e-02
7.296670752436894281e-02 -7.842419065013607471e-02 3.257338927998970624e-02
2.792913391577793794e-02 9.870662350654145489e-02 3.192299621852954378e-02
7.235877195669811190e-02 1.155709020282886940e-01 2.860289985507993848e-02
-7.229621510586274613e-02 -9.561134458840904460e-02 -1.089925034677032781e-03
-4.099238469927491552e-02 5.034217879939520239e-03 3.163088084352785184e-02
6.413782811152811403e-02 -1.029446892177801054e-01 2.207291277007727200e-04
-2.261793955353114116e-02 1.184728567439111285e-01 1.067475146749635555e-02
1.256962397805169163e-01 2.977893548283585060e-02 3.268622620199248402e-02
4.311481154359161211e-02 3.353189535481818778e-02 3.247710636659583566e-02
1.963574582277435518e-02 6.287833466968775764e-02 3.198034339408869359e-02
5.197922505738648835e-02 -1.366879678279188659e-01 8.713236174539071418e-04
1.223567895216550877e-01 7.427336568131749639e-02 2.862060870148914679e-02
-9.174406337623863816e-02 -4.160563071451758854e-02 3.134636023705134056e-02
-4.319212417060061537e-02 -1.018755939880443689e-01 -1.266491308409808773e-03
9.764541567146316214e-02 -6.833948686793662151e-04 3.418071049443362208e-02
-7.130701882630034738e-02 -4.356616372414798960e-02 3.180347709721750155e-02
4.024260043325806474e-03 -5.132436239903888364e-02 -6.659094931297377925e-04
-7.297423829186663879e-02 -1.346596273913161224e-01 2.220535807662541578e-02
5.558990703683514001e-02 1.064233855425822904e-02 -8.506907879243728572e-04
1.117959120485410435e-01 7.792050579727993753e-02 -7.872472404010840558e-04
-6.002365645970902941e-02 9.017036351211586698e-02 -1.899498536184273745e-03
9.788863883419110512e-02 -4.493529763010922773e-02 3.403253414658743287e-02
7.143875950122109686e-02 -3.067148990551928078e-02 3.335781680323589293e-02
-9.795525213694717542e-03 -1.051277080166691941e-01 -4.235590321112744699e-04
-7.826671170429068403e-02 -1.387353494452063171e-02 3.155590855753941798e-02
1.270431183125956542e-01 -2.810365754036508318e-02 3.054811440823289315e-02
-5.218643993070968407e-02 2.586392805616642351e-02 3.131415607965523651e-02
3.953593483171504580e-02 -1.173793842912060348e-01 -8.892666090375795848e-05
2.583961843484063395e-02 1.178711911330368178e-01 1.270561549078708455e-02
-1.264771495464948603e-01 -8.201143824562451279e-02 2.615750443908504159e-03
-4.548749518006918457e-02 -9.759559493842599742e-03 3.159433759756277715e-02
7.168728737377261240e-02 4.999366959166554047e-02 3.293908556890991213e-02
-1.117463618508369450e-01 -5.556946422168856231e-02 -2.188103061416819383e-03
7.745749473196338053e-02 7.788232729389776843e-03 3.352020262211582308e-02
-9.890738667197505191e-03 4.606403109360348441e-02 3.190925643624231006e-02
-1.467096415197274850e-02 3.930567550009722057e-03 -1.559181606830462594e-03
5.959232321649902964e-02 3.092408170445806043e-02 -1.065365307564077263e-03
6.315608173389086755e-02 2.810583381346846987e-02 3.294006449922706747e-02
1.258598335054827155e-01 6.274624563792631504e-02 2.806744687035455516e-02
-3.858286440494084618e-02 2.555909196036607045e-02 3.141411548407758991e-02
1.036322627171616488e-02 -8.316857222661743626e-03 3.255715462423391937e-02
1.103896329661140097e-01 -8.385861464743181448e-02 1.093495007652782371e-03
9.870595110457330845e-02 -5.065419673522959798e-02 -5.943464188574889943e-04
-5.646367914398386922e-02 1.161096792880058487e-01 3.088730473099144183e-02
3.358228145473034915e-02 -1.368893636292399518e-01 2.683855915930354399e-02
8.196977978382069541e-02 -5.184282948906504714e-03 -7.520780875677472070e-04
5.371251536470877247e-02 -2.806487984987983061e-02 3.295608386201653861e-02
6.490922666173930267e-02 9.778624089415363652e-02 3.275638293992094024e-02
7.924738335180932236e-03 3.759022064037895877e-02 3.191815596293687968e-02
-2.766402843915723858e-02 -4.796062141073345608e-02 -2.119928910154836137e-03
-7.219482112677566565e-02 1.109772874548722310e-01 -2.902810949092708530e-03
-4.806802687543419023e-02 1.320672425960500544e-03 -1.789499068245051271e-03
6.931564694052179398e-02 6.889362004928994282e-04 3.279865550754080400e-02
4.434456539005431769e-02 -4.123594822322357994e-02 3.288747084226306683e-02
-9.861897987938250676e-02 -5.408551824558744531e-02 -1.628163912105112755e-03
-8.657875731484059034e-02 1.074701442007352098e-01 -2.419920867958719971e-03
-2.690457345235153230e-02 3.456059873734423221e-02 3.204125246087878576e-02
3.446371721246867942e-02 -8.053507460590460243e-02 3.309487623476516788e-02
-1.242773556130001011e-01 -9.095980881476974089e-02 2.346572516040338827e-02
-7.130044260773366060e-02 -1.232327743407520965e-01 3.154784928138947009e-02
1.092288268635569631e-01 -1.108617140483109942e-01 2.715548398872696251e-02
1.241981477474110585e-01 -6.108801424867719987e-02 3.145865729999883925e-02
-9.724330642126359503e-02 -9.299153858430495023e-02 2.217684323549300174e-02
5.633695643979559631e-02 3.802805884849222787e-03 -7.420136440015292134e-04
3.214978853785337848e-02 -8.561618474928181510e-02 -1.060974814769956700e-03
1.956093418991357649e-02 4.743174537732590401e-02 3.225369408066740967e-02
9.909869558982077609e-02 1.028949351729607636e-01 3.219836439300471226e-02
-8.616375533926046160e-02 -9.993993616914730038e-02 -1.609072877954567356e-03
-8.757285681544822731e-02 -4.424745362929446285e-02 3.149933413011335448e-02
-1.208722631179604545e-01 7.619214767879474437e-02 2.736365585408357878e-02
-5.234985257405300185e-02 -1.327402464610882571e-01 3.107127949318689089e-02
1.260640842089695290e-01 -8.150048862786342385e-02 1.308895216527765012e-02
-5.238116666190301141e-02 -8.036446360918644838e-02 -1.862798794683972418e-03
9.502987362758598400e-02 -1.827127475885431326e-02 -9.077070158965082868e-04
-5.346209800274157042e-02 -4.760647764674279248e-02 -1.693430554191449351e-03
-8.624006466438018104e-02 -7.462320127699853534e-02 -1.736107137617174138e-03
-2.361600995430002820e-02 1.062554643470074722e-01 3.123757943983760527e-02
6.772549996247223536e-02 -7.171393707847407983e-02 -1.329055445632993228e-04
-8.883877023140458393e-03 3.952202891910045618e-02 -2.083822294267088059e-03
1.077476185631113248e-01 8.937073746109239214e-02 -8.722799795866525725e-04
-3.916616988200702365e-02 -2.560509046509127848e-02 -1.781735378481686533e-03
-4.926110992273593364e-02 1.025603349511970547e-01 -1.991446118653652456e-03
-1.019981941838268708e-01 -1.021474961936804648e-01 2.127210386721809995e-02
9.812023062151244146e-02 8.767316347296218518e-03 -5.693246231224841254e-04
2.938007221660094564e-02 -1.158370387822498515e-01 3.329413613212819228e-02
8.063271515636910580e-02 -2.459102889185157265e-02 3.336999933573802507e-02
-5.031320348632532108e-02 -1.293537497521702329e-01 3.217479278491115063e-02
1.538712644628397602e-02 3.924721692756797178e-03 3.233236529491028549e-02
-4.793635841684434212e-02 -1.352171705243153388e-01 4.032334588289672450e-04
6.316205075222727783e-02 -6.515079733489782809e-02 3.321794383758282232e-02
8.534184499897437895e-03 -1.237734821035542804e-01 3.083448046627858393e-04
2.991774785366552170e-02 -1.401195093883302600e-01 1.030351407978882458e-02
4.822697711733051756e-03 -2.485707502814451034e-02 -1.241575094655543790e-03
-4.798762555677575647e-02 1.111018099936692399e-01 -2.604218647438723017e-03
-2.439890846367465116e-02 3.964288337589312594e-02 3.207498720566307610e-02
-1.284053402582999992e-01 -5.194510166587590350e-02 9.758497131878917166e-03
6.671818495168865826e-02 -1.270373461898646923e-02 -4.664875005072078576e-04
4.704916966907710107e-02 -4.927312533509237841e-02 -2.764197559502827020e-04
6.273765253051298563e-02 2.491807812917920528e-02 -8.048981871664096129e-04
8.751936815384772639e-02 3.661043920511693195e-02 3.314231695772234393e-02
1.381050733361956911e-02 -1.164695615407314866e-01 3.333629913756352287e-02
-7.808591115974033992e-02 5.651592270056252088e-02 -1.934102630285599147e-03
9.403379855345254945e-02 1.982782877358390400e-02 -6.649491174012877670e-04
-9.299505250390786848e-02 -4.472646740177802643e-02 -1.366469450323062407e-03
-4.095751952119803911e-03 3.129572752873976960e-02 3.201495749397054169e-02
-3.698476095821362150e-03 -1.371554756179787504e-01 2.616436943427425527e-02
2.177489722089235788e-02 2.327178931718965754e-02 -1.016749535097884356e-03
-5.579777699820758809e-03 1.185612988392126116e-01 1.440728331550598408e-02
-6.531561512120012680e-02 -7.670207288178185201e-02 3.201483342931386866e-02
1.271725414933102816e-01 -6.797973472821926266e-02 1.289551881095462628e-02
-1.402313949738454892e-02 8.623333949315040159e-02 -2.315793819133407823e-03
-4.406894646814366739e-02 -1.353946836706812484e-01 2.785555592325998989e-02
-1.040386530909114815e-01 7.815160196759592115e-02 2.031075009190642239e-02
-5.240623860026776687e-02 -2.198375615677164441e-02 3.186504799569506857e-02
6.040205995536002820e-02 1.951361068508556187e-02 -8.224250928959480960e-04
-1.428190834721997787e-02 -1.199446820000654168e-01 5.208981522581753593e-04
-1.022110755093271484e-01 -7.175967736250428441e-02 3.106865117236204746e-02
3.360854226518996540e-02 -1.136297052091358832e-02 3.272434013239080425e-02
-4.732961138081806518e-02 1.122088511211245809e-02 -1.980636808056493274e-03
1.635009355377571930e-02 7.440711654048401402e-02 3.243305232254958120e-02
-5.635428220197599009e-02 3.620891568327962162e-02 -1.891317945691787031e-03
8.511920738493186644e-02 -1.278975197241071782e-01 3.138500716627496551e-02
1.160768062232050424e-01 -5.499999008976692860e-03 -5.118584286056754914e-04
1.230893472000605393e-01 7.387695757234248595e-02 7.344483629935179281e-03
-1.361480785601988999e-02 -6.295619321579352945e-02 3.295061999646950457e-02
8.155864153615936807e-02 1.136830795619087342e-01 1.902465621557589831e-02
-4.520159937553651364e-02 7.960412614713326118e-02 -2.104546643387477951e-03
2.108184630418556693e-02 4.681800438879887838e-02 3.235321556182517433e-02
-3.328393032964594399e-03 7.832438697589938492e-02 3.225180928257977142e-02
1.057662278958852731e-01 2.767048833389337392e-03 -8.888466421644283973e-04
1.588054382609370083e-02 5.876498019497038844e-02 3.174060031631065898e-02
-7.231693061953890778e-02 -1.328812325329505051e-01 2.690117969483073884e-02
1.074341500053172527e-01 -3.243153962048769823e-02 3.451663475075310294e-02
5.490525774070750820e-02 -9.359441716522706733e-02 3.296717659205326140e-02
9.484556933347265684e-02 2.948959196368431887e-02 3.336325461838429707e-02
3.426355378993382189e-02 -9.663420178484763423e-02 -7.053837185916822169e-04
1.275498765938697376e-01 -4.493716773041487450e-02 9.921475791039777864e-03
1.173297946220577398e-01 4.846825808252300249e-02 -4.008170118749225757e-04
-1.150118621846033529e-01 7.214185564602257350e-02 3.045826891644816056e-02
4.632369233412512305e-02 8.316916900594610584e-02 3.231727130947741750e-02
1.263888009541709045e-01 -4.605960426209686903e-02 4.154740712241678478e-03
7.318492984997525611e-03 5.473899208833041957e-02 -1.365224475707560751e-03
-6.464830070778958271e-02 4.110692909223835623e-02 3.103523225094354659e-02
1.575999501451621002e-02 -5.590733845658010098e-02 3.254787545422015843e-02
2.412451943770414775e-02 2.431032224774733880e-02 -1.027081445477375909e-03
-1.047176843709389932e-01 -4.333448871268007208e-02 3.135958097018418100e-02
-1.092082124352302397e-01 -1.011077678104659872e-01 -8.672727600223297797e-04
-7.510383994233579830e-02 -1.285942550371352855e-01 -5.300200329834951372e-04
-6.740076959023047487e-02 -1.255305208297321229e-01 -5.956993467039086278e-04
3.969709230824255281e-02 8.316498315035536493e-02 3.234330406536770758e-02
-3.149037648993930488e-02 -6.989364491672487092e-03 -1.672055787410712787e-03
1.287312607585714419e-01 -7.685202377539085417e-04 1.435260707316548048e-02
8.180779627815094879e-02 1.513157545862663664e-03 -8.211735843513075965e-04
-6.592270141645835413e-02 -1.275244789689725378e-01 3.136456454858820714e-02
4.093242389769332495e-02 -1.155855159151524536e-01 -2.555985444239570353e-04
1.161506268455702734e-01 6.737578250766183829e-02 3.392100886043703661e-02
1.061128728253218079e-01 -5.196312391268603781e-02 3.456359796962804598e-02
-1.152736877273504573e-01 6.690008198762578684e-02 3.030857294503777263e-02
6.370099830754925863e-02 -9.158735041033433388e-02 3.284710482062704051e-02
1.071242920582844149e-01 1.670651482171569072e-02 -6.479210493535973595e-04
1.158028299739323752e-01 -9.789909288472821436e-03 3.423814160663904427e-02
1.262547543543761641e-01 -7.603355850822574036e-02 2.477945576993909049e-02
1.210222040966740104e-02 -2.502090292950090444e-02 -1.099498785848040906e-03
-8.919028295545007590e-02 -1.316179237848109085e-01 1.897129051964410729e-02
-7.813623479975483066e-02 7.431495558437393317e-03 -1.522794384227790917e-03
-1.240907799003337572e-02 -3.175332927237690169e-03 3.256176166063047550e-02
-3.996119177045334703e-02 1.177916929014023589e-01 1.093604521770008380e-02
-1.154032543923209919e-01 -9.915979878808675596e-02 3.102164504025547651e-02
-5.595058215358533066e-02 -8.505033299067191188e-02 3.224903140634097221e-02
1.056857639687851930e-01 -9.753743172388479321e-02 3.196080910032034206e-02
-6.982521239833307247e-02 2.327311926206394183e-02 3.117939784676482251e-02
6.640360259955092881e-02 -1.391512842400164651e-01 1.014294112172346024e-02
4.471328794074812263e-02 2.082160748127228830e-02 3.238080304335309162e-02
8.623798721548586732e-02 -1.274419299911460635e-01 3.132150417032326245e-02
-2.891441692004001821e-02 -1.368026879036344789e-01 2.794584651098340478e-02
7.166627294436074547e-02 -1.371283654170904753e-01 1.526131781448043616e-02
2.171176294367953979e-02 -3.866999171539803326e-02 -9.582546674885530002e-04
-8.364763957817344942e-02 -4.649070950821926340e-04 -1.425524960340371090e-03
7.615553276419463613e-02 -5.870169444595617347e-02 3.370134695235005307e-02
5.455209539052442713e-02 -3.931036151652721362e-04 3.266602427578898377e-02
5.047590066644276618e-02 -1.326912156941134624e-01 1.208024490730822765e-03
1.104034983938218945e-01 -8.540602059314011604e-03 -9.534921823972584412e-04
-1.020677255654288823e-01 -1.686285062833230847e-04 -1.879752001923931009e-03
4.333456219812395135e-03 1.183136998863589806e-01 1.045576744802195063e-03
1.243730730702778814e-01 1.507375737310786765e-02 3.277588044446817783e-02
7.798032295269360925e-02 1.107327273506879955e-01 3.279669463757151071e-02
7.921416380009048408e-02 7.891277027003985867e-02 -1.620586174798067979e-03
2.272850978737631089e-02 5.795462583185254785e-02 -1.054615088203960912e-03
3.946238270238873469e-02 -9.469231430466605592e-02 -4.512863802060099747e-04
1.177750096925553464e-01 -5.547857774619050636e-02 2.805140956702867339e-04
-5.929892791588413370e-02 -1.366367341392149271e-01 1.895174412161047123e-02
-1.167886913154612405e-01 -6.669970600376391723e-02 3.124125561910664692e-02
-9.805687046261896134e-02 9.404325417087540384e-02 2.774722483675172435e-02
-4.505500401131352917e-02 -1.068208317136805918e-01 3.243370951979891725e-02
6.409444631153224381e-02 5.938583528671796674e-02 -1.097427878266871984e-03
7.172681241742361047e-02 4.081814494693959856e-03 3.304473962691500261e-02
-1.202352016498219600e-01 -6.997497690581983010e-02 -1.561566147495661427e-03
-4.852849317164666804e-02 -1.225313945556300438e-01 1.412125210078640650e-04
-6.219526739665875298e-02 -2.242506615649236465e-02 -1.614572810184911663e-03
-4.051204790525832905e-02 -7.500248587320877680e-02 -2.099505259660471284e-03
7.555054626618923352e-02 1.150347524609375838e-01 1.363781720823803965e-02
4.977125170277639510e-02 4.761823554162766120e-02 3.241929692061780444e-02
1.269111809933788637e-01 1.419023247513160474e-02 3.088073694369486075e-02
3.240783934727055338e-02 -8.103864342650331232e-02 3.310918695867241801e-02
8.357451335551209504e-02 -7.051895359627324833e-02 3.337645961104055564e-02
1.239379033030711397e-01 -4.304765757872144188e-02 1.763014574186211846e-03
7.434961353082454594e-02 -1.751143730433346243e-02 -5.345172452518187232e-04
-5.346933883049393571e-02 -9.836218536507219598e-03 -2.085849282506098239e-03
9.333774692441880461e-02 1.078189621365886752e-01 2.104130557668370052e-02
-3.874388286199328263e-02 -1.351885688657973594e-01 2.895599317602150918e-02
-3.968281387630744755e-02 -9.166657654046306281e-02 3.212305102082602115e-02
3.616862059788289452e-02 -2.419983487555611712e-02 -6.461193692253277329e-04
-9.591266519294958104e-02 -4.773070734653402786e-02 3.143028091681600300e-02
1.056592878128540386e-01 -2.329547699045502601e-02 3.451731498676592624e-02
9.916262889192160868e-02 1.040504854690056796e-01 2.235701040726491978e-02
-6.731164428360777996e-02 -1.328337051686843684e-01 -3.695665810463360373e-05
-1.169872381069667899e-01 6.238837241990435184e-02 2.956832578333211045e-02
-1.269034196028527572e-01 -2.987486441150056724e-02 8.381674990111527904e-03
-5.196304456084362838e-02 9.715291933657721479e-03 3.146770901203835985e-02
1.277226727535277773e-01 -3.809293955433852314e-03 2.845678861034968074e-02
-1.019462822970533533e-01 8.837830239745755878e-02 2.623006281636784676e-02
1.000738918513184444e-01 8.799881989374670754e-02 2.776363992735553232e-02
-1.201728582341169277e-01 -7.297082886213039632e-02 -1.621319574773311600e-03
-7.528681371456763527e-02 1.176535698159180549e-01 4.237237589323841931e-03
4.522263831614518198e-02 -2.090326591582483337e-02 3.266837285851282441e-02
3.228337667484199036e-02 -8.199617779347230517e-02 3.308764742740532422e-02
-1.266968010954219181e-01 -2.038833990920457979e-03 1.742020081971321771e-02
8.305897264098280330e-02 -6.378185149742145177e-02 -4.625240196375672531e-04
-4.578770823516797872e-02 -6.142084915088405483e-02 -2.081870501605549619e-03
-1.685791774225733550e-02 -1.193083857073230477e-03 -1.442955911709604185e-03
7.995393083108826016e-02 -2.509308679193499730e-02 3.338458051606460475e-02
-1.056348409887959694e-01 1.000854091966333764e-01 2.914665169316302262e-02
-3.776923871076261902e-02 -6.125419982359570081e-02 -2.274848233003742923e-03
2.536732286326227187e-02 -1.434824013317633797e-02 3.236723507917953213e-02
-2.804993234517287517e-03 1.051874889736965496e-01 3.416633152299174830e-02
-5.211341705933573987e-02 3.526256626994993953e-02 -1.996320778726867924e-03
-6.313904427202969571e-03 -6.763728661374558693e-02 -1.385251188794281744e-03
-7.242677579879286398e-02 -6.451431860923367845e-02 3.175831718259018027e-02
-1.290726473294075416e-01 -6.550047007825242351e-02 1.135444304672127147e-02
4.422492886082645541e-02 -8.546437314578926581e-02 3.322214910259049803e-02
6.775394846078049149e-02 -5.573473870209681713e-02 3.350100058888120375e-02
8.023793415213659186e-02 -1.319244715961510328e-01 6.088679845589275302e-03
-1.048612923392382573e-01 -9.083433605418167467e-02 2.672972920450620779e-02
-1.346824994983324142e-02 -1.769665687964520548e-02 -1.229398607519297274e-03
-2.399980207027737483e-02 -1.292904330701106774e-01 3.222399192632546816e-02
-6.104794766611217061e-02 7.577659977605950836e-02 -1.986654529147269428e-03
9.913050769035159845e-03 1.983735869093996435e-02 -1.072611809943131451e-03
-1.213503584534577490e-01 4.643264707509327238e-02 5.201605353335222830e-04
7.307985617791656896e-02 -5.455844424246510810e-03 3.304743765534788602e-02
-2.180782949496786263e-02 -1.131535535421014926e-01 -7.704212433927180100e-05
5.074781513290715917e-02 8.723594791570093987e-02 3.243034566189685608e-02
-7.574149845137866099e-02 -1.285986797756607791e-01 3.106758640614322095e-02
-3.076353910226651764e-02 -8.075766319094901391e-02 3.271624614232473277e-02
6.887122886541192923e-02 -5.328772780454064939e-02 3.361125703231923612e-02
-5.847151539980148527e-02 -6.099587753806144652e-02 3.216413580483706847e-02
8.905902092781775581e-02 -9.157306501736135751e-02 2.505230826485265253e-02
-1.061922037139666902e-01 4.371192253481139683e-02 3.095886055564227302e-02
-6.703439006865034855e-03 -1.117264657135033229e-01 -6.796136346665657482e-05
-1.623740193310354782e-02 -1.439203482246300715e-02 3.218999592298966289e-02
4.216217385622652442e-02 1.183446083772223545e-01 1.842160431560762104e-02
6.132596155826161577e-02 -1.550293612515498375e-02 3.304431254209698465e-02
-1.189740954057183359e-01 -5.779373370432509122e-02 3.121486601623906995e-02
3.095033320775959426e-02 -6.666259124324394603e-02 3.281772660321424090e-02
-1.622079611480664249e-02 -1.328651605924842660e-01 3.478801409877436794e-04
-9.797132116968865212e-02 -1.222170873617076103e-02 3.120457621434077899e-02
-4.330979245547302015e-02 -1.368825504282689953e-01 2.132527673071935373e-02
-5.336316616134568341e-02 1.187387898920877483e-01 1.540176027730492773e-02
6.300158242888032750e-03 -6.134768723500173132e-02 3.257075591535854575e-02
-2.876146008214458625e-03 -6.724062897258487048e-02 3.269187919372845696e-02
9.270192198463195199e-02 9.200031283336136678e-02 2.735437946153059657e-02
1.076703886254323922e-01 -3.097669496650143003e-02 -7.932080259910372294e-04
-1.149974465738544394e-01 -4.315377733483038297e-02 -2.280185128208718059e-03
3.777538011870420348e-02 8.629751455689731177e-02 -1.300178377927676491e-03
-8.449053210739329578e-02 5.197883981307480777e-02 3.116810049700592319e-02
1.105844617761772009e-01 -6.288705446138195820e-02 -1.347380809252980076e-04
-1.249576601191614983e-01 4.491724957987691669e-02 7.778130914152716485e-03
-1.069828141464125582e-01 9.376253662918372644e-02 3.026324212911046113e-02
-6.087713897705225585e-02 -4.956056971282520041e-02 3.177009211840115671e-02
3.297853276536982792e-02 -1.369188948244194071e-01 2.384342960647928191e-03
4.584319738120948284e-02 1.091713233081698514e-01 -1.713242821600568198e-03
-1.218562492700995398e-01 2.238159272344563203e-02 -6.275542511452235437e-04
7.448931148808210501e-02 1.151703613665024384e-01 2.473580039487963816e-02
-7.282801692901109958e-02 -1.290438469561699109e-01 3.107470547540720773e-02
7.100652251036346230e-02 9.313602278878380103e-02 3.222923810329113292e-02
1.016325167141533675e-01 -5.219221245206856485e-02 3.441907262988290472e-02
7.409624269963210885e-02 3.118833502378064171e-02 3.313545159553010072e-02
6.470098895295785246e-02 -4.575685061901645784e-02 -1.290645180250998630e-04
4.764630372316326634e-02 -1.862082203241502767e-03 3.259205604948067075e-02
-1.245612249614954786e-01 2.299705992699323936e-02 9.241754549222917390e-04
7.418096142216588917e-02 -1.056706337210129437e-01 2.628409502097181841e-02
-9.212156274457712624e-02 -1.101582055499973067e-01 2.079263887483456807e-02
9.017071019895342432e-02 -6.863263711451510207e-02 3.379881721206066253e-02
1.029119226720904279e-01 -7.233026948243877208e-02 3.426526542089911032e-02
-9.954848823956877202e-02 -2.526549973507797101e-02 3.149569460370816448e-02
-3.787664703122831100e-02 -2.611380133303994183e-02 3.184836071961155701e-02
-7.529156167123047562e-04 -2.224158463135078936e-02 -9.476970858534759703e-04
-9.653110824181354577e-02 7.465972238872728428e-02 -2.248825037754355934e-03
-3.697565230544861553e-02 -1.014489453254459328e-01 3.207573101429310458e-02
-1.283343446431653156e-01 -6.360380399222843872e-02 7.080097105961317451e-03
8.481221428214551217e-02 -4.466630363545708027e-02 -4.956222295283369082e-04
-8.020415657509875895e-02 -9.736025726859509621e-02 -1.628012439177949295e-03
7.544693549402086211e-03 1.372563841086686838e-02 3.257538757680010499e-02
8.583004780430055630e-03 -1.156572421567998443e-01 3.331837273590933235e-02
-1.250007338901616416e-01 1.135229492279388186e-02 2.749817282784753139e-02
7.665076711800700160e-02 -3.345103323952648700e-02 -4.209764150905276944e-04
2.167808476802262838e-02 -6.501828372912796250e-02 3.252694872920054714e-02
8.874862720290149776e-02 -1.198755256815552464e-03 3.364287403915559860e-02
1.935016895367219422e-02 5.998084072570434438e-02 -1.110971033045675448e-03
1.035198316180640371e-01 4.801005201757468921e-02 -1.126073141965942262e-03
-1.204772710349283002e-02 -4.218412844767718134e-02 3.303913768274810425e-02
9.930003933970342478e-02 -1.204107480523097656e-01 2.430683814509356638e-02
8.676377397934088853e-02 4.208850114309979629e-02 -1.134796357479858847e-03
4.093566290049378831e-02 5.571330328835933515e-02 3.234643762813229489e-02
-4.367881083209936011e-02 -7.017051595890994031e-02 3.210955277295839821e-02
-3.962043314869698185e-02 1.184797921931544096e-01 -2.818137822860286058e-04
1.029667011667073223e-01 8.955526632370305884e-02 -1.643855738939609427e-03
7.149766608249309707e-02 -2.600542103082253975e-02 3.334260274472300445e-02
3.187961014720657599e-02 -1.333449924127242392e-01 3.191398128783303617e-02
-1.152831656748048716e-01 -7.353847569814953022e-02 3.124653507803744346e-02
1.405006708987567750e-02 -9.829429794260299835e-02 -4.686616814016451686e-04
1.125722745437916783e-01 9.140995902158309538e-02 1.466283770777047218e-02
-7.004637314434335182e-02 7.440288028913537299e-02 2.802192980306238493e-02
-5.827562773889206904e-02 2.948349676492171417e-02 3.128154391141094171e-02
2.730056146148301943e-02 -1.384816390144620046e-01 2.269195274330149115e-02
1.003612122144326158e-01 1.697473149514381816e-02 3.380220883703001500e-02
8.023788620618536871e-02 5.334983692840080532e-02 3.310810067067368467e-02
1.219390539256308553e-01 4.896399674492837167e-02 3.358628458741058642e-02
8.295847338411188598e-02 -4.018125367395661285e-02 3.342507012802187205e-02
3.576407756437644664e-02 5.681034145980565220e-02 3.223481341365460467e-02
-1.385751633916769421e-02 6.944292780964600453e-02 3.171424552708023564e-02
8.026639712565050711e-03 -8.890637998436673461e-03 -1.077923002586577165e-03
-9.391885800600423273e-02 -7.016318291591511214e-02 3.088456818698511949e-02
-2.556273703201697098e-02 1.185859055570269438e-01 1.544227825334511250e-02
1.216770141972562808e-01 -3.407591962922632001e-02 3.365617823301617073e-02
3.008999637323128695e-02 6.004046594103489010e-02 3.214208372098586314e-02
7.923845613112345809e-02 -1.339702717622857919e-01 9.875342791954530228e-03
-6.136049928661115732e-02 6.092345193904880052e-02 3.091116108700116619e-02
-9.830808382851728700e-02 -9.867959238350869355e-02 2.044147269596814642e-02
3.911659086487220133e-02 1.106307908984333344e-01 -1.759703952090830269e-03
8.148555763592230106e-02 1.133203665308978730e-01 8.744161883733978652e-03
7.673338753150596436e-02 -1.136880394876671335e-01 3.008877350705886633e-02
-6.502026064505143921e-02 1.183462145980347657e-01 2.215557545253113436e-02
6.561217341838192219e-02 1.168914045327646423e-01 2.033699008002564160e-02
4.772290542568411592e-02 1.177776737979549099e-01 -1.265189023851874582e-04
-1.170190887551509316e-02 -1.362269427014678458e-01 -5.488642490810434786e-04
1.043467908423067747e-01 -5.498894044673797998e-02 -4.764721861309543192e-04
4.906118640606556280e-02 -1.234503954347817428e-01 6.433868918545379437e-04
1.261759771938138555e-02 -5.017639133370788845e-02 3.258431964359878585e-02
-1.084150583980017513e-01 7.646983336420958011e-02 -1.393223379689890714e-03
-5.516748414780524995e-02 -9.941800125924635245e-02 -1.376854878033017659e-03
3.570955012392178912e-02 -4.624156548465262195e-02 -2.077879490834244483e-04
-1.035754649006050271e-01 -7.553833115477975868e-02 3.106761998014610782e-02
-4.505601627236082568e-02 1.990854710473934780e-02 -1.933628986103818779e-03
-1.212580639870023819e-01 -7.304062080694913306e-02 -1.477440686362455156e-03
1.290894062062157011e-01 2.293202135918598339e-02 1.186345063314469574e-02
-2.004704900730224729e-03 5.788196867077427532e-02 3.221750080358477125e-02
6.246438559968413989e-02 -5.950375952937789203e-02 3.307445336749775811e-02
-1.143695122511654005e-01 -7.013096509998160977e-02 3.128083154422198892e-02
-1.049712737502688231e-01 -8.981701709156450497e-02 2.725216531947176682e-02
-3.611589801941733624e-02 -4.619348611896352541e-02 3.165826628025835560e-02
-1.132135973030936604e-01 -9.563945650418488598e-02 -1.082495853195950680e-03
-1.575661105625045938e-02 -6.458591220502560293e-03 -1.326464783151961539e-03
8.585355629740704098e-02 -3.627369381182193181e-02 3.326010468820948807e-02
7.794168427792240450e-02 -1.900666827123516020e-02 3.347873372553574617e-02
6.476728853075218451e-02 1.169083622986630266e-01 2.818674542665489460e-02
-1.073475670348722488e-02 -4.695909397029995186e-02 -1.255918549853148438e-03
1.090042706292976282e-01 4.908712589138081173e-02 3.420398006463695739e-02
7.832468417971419350e-02 -1.052256205508626530e-01 6.734425427365375231e-05
6.156716822662569588e-02 9.470728525785605464e-03 3.269116465474437849e-02
2.674979450203489664e-02 7.292108189736891399e-02 -1.697754362637414558e-03
4.130947042241731731e-02 -1.339452955272045498e-01 8.688785991908070088e-04
-2.694214169476150458e-02 1.952722808464698798e-02 -1.900048212578529967e-03
3.149164701271833094e-02 -1.039931216461124075e-01 -5.087525623235252112e-04
1.173231073739394309e-01 8.476774041312468144e-02 1.625764329023957414e-02
-1.263096336843552714e-01 -7.741786505873496371e-02 1.016918751855420489e-03
-1.624201044106278469e-02 6.193444100318918483e-02 3.172582192275888446e-02
-1.105447545182365598e-01 7.111529688779107128e-02 -1.233491434965094512e-03
3.616794726753509021e-02 -9.341975791009947405e-02 3.270957301606886025e-02
-4.360585358254841920e-02 -7.914537348982957077e-02 -1.941568735091513771e-03
-6.777605392277352703e-02 -7.270257882627328971e-02 3.198705808775902798e-02
-5.954277470978498743e-02 -4.341348289258399606e-02 3.181706823744560181e-02
1.385480869324912101e-02 -1.317715075684565973e-01 3.232494919616989842e-02
-9.560217399120374271e-02 1.080663722509176000e-01 4.758823102226193355e-03
-6.677827697215708846e-02 -8.882349129115164887e-02 -1.067321384762109958e-03
-4.275091682113293240e-02 1.086666127869772291e-01 3.107337906638982586e-02
7.678860169186972617e-02 1.149670811902591683e-01 2.399136795516638304e-02
-4.039341947557969353e-02 1.186157168835411252e-01 1.927562255399155322e-02
8.487738380499113000e-02 1.122722902396596639e-01 1.078982304840118631e-02
3.205337504407659160e-02 1.096700997018136142e-01 3.220361394696071022e-02
8.410354950427506582e-02 -4.854190278093207384e-02 -4.743200470479256941e-04
-4.187085010554109782e-02 -1.252736444517804984e-02 -1.968903418193511650e-03
-1.277363097342278930e-01 -4.124589538664691357e-02 7.766345855284339031e-03
-1.848861281950492375e-02 -1.696107185473183510e-02 -1.436799752005577489e-03
-6.608345871248086367e-02 1.785251749353711920e-02 -1.864651376087532366e-03
1.433090867051710349e-02 8.075005583027067280e-02 3.237084268923430541e-02
-7.184020927634329756e-02 -1.026897993451682950e-01 3.003649384195701891e-02
1.283868529376434031e-01 1.140095188519765768e-02 8.805624646225085339e-03
-1.006691149433595611e-01 -1.175260177400058448e-01 1.728983900344595879e-04
4.839889114896145372e-02 -9.370840167711778912e-02 -2.323818349478182243e-04
-1.285162858158111002e-02 -3.038583065217483406e-02 -1.495855883095519381e-03
-8.828790665639525692e-02 1.086398923387376786e-01 3.070732338228564576e-02
1.121200193334106754e-01 -3.899060933548030572e-02 3.459017402175804112e-02
-2.128327668824707419e-02 -1.298180375455814106e-01 1.338271577785532995e-03
5.011487426422082947e-02 1.180506363528305708e-01 3.696321107675517616e-03
-6.387941749713614559e-02 5.540362288186503198e-02 3.090647445649065059e-02
1.195246890447208554e-01 5.696098240467271923e-02 -2.282175574454399741e-04
-5.937252412431166804e-02 -3.988453362404972141e-02 -1.455420451894995186e-03
3.639900211303289529e-02 -6.216401887223268335e-02 3.275561185966237993e-02
6.892888982947537047e-02 -2.599053132626618842e-02 3.315191268231079680e-02
-3.596788864307872563e-02 -8.874768434795127225e-02 3.216185545000915802e-02
6.389199927459851547e-02 8.667324795042985475e-02 3.247066883813014282e-02
4.093603079852192045e-02 -4.696614869258781272e-02 -1.408454596622387301e-04
-7.444279982674580423e-03 -1.217007900463402542e-01 3.235558035498036639e-02
9.578011704883751531e-02 -5.480320582291186085e-03 -1.008997992900951537e-03
6.081816634080892958e-02 8.940324628273088603e-02 3.239652780587082281e-02
2.940985598210983307e-02 1.409314905805252385e-02 -9.382423417446865248e-04
-1.250648231594462256e-01 2.849947856274440833e-02 2.522932506410875686e-02
-4.459927163072192891e-02 -7.639084523982882236e-03 3.153278226318146499e-02
9.617642260512623831e-02 -1.123105944643741083e-01 2.608175491529756557e-02
8.260242088663900806e-02 -8.794390203942846485e-02 2.786696326567312740e-02
7.063919810284480238e-02 5.868062384443923502e-02 3.287705458597029590e-02
2.109220678854926978e-02 4.465864771625248364e-02 3.251906526015952564e-02
-3.886404418554766094e-02 1.047162064931878717e-01 -2.459361316243131260e-03
8.391287797974829321e-02 -6.555857933720631026e-02 -4.589348769376461233e-04
5.075041381737312174e-02 -4.319383292723826678e-02 -3.438049602254532582e-04
1.219317878057440616e-02 4.970377207887778648e-02 3.212628813966530994e-02
1.243173297595480675e-01 -4.420007377082987854e-02 1.997796410002139478e-03
-1.249266358224563611e-01 -5.401428123235935824e-02 2.967992276011604744e-02
1.267753821289303029e-01 6.073071510661907230e-02 8.356076865178431110e-03
-8.566204219641780637e-02 -6.616139155307335096e-02 3.101411739863789777e-02
8.978784572287566712e-02 -3.068916962781523868e-03 3.373274921122130371e-02
-1.191437777549218535e-01 4.800525978774584923e-02 2.937984314423896029e-02
-3.855626367305267643e-02 -1.267778730494550643e-01 3.246127999163338912e-02
7.307183990529808604e-02 -6.007907609724778136e-02 -2.349456774953340252e-04
5.622217672107701625e-02 -1.248316790201718374e-01 1.091448748849072233e-03
-1.174817973230241896e-01 8.123826985556065194e-02 7.754159526479583071e-03
-1.001862777593992282e-01 9.313895146590669971e-02 2.848825737581098597e-02
7.038744196369051132e-02 -8.724405310157844207e-02 -1.113360082639978092e-04
1.237708052296754707e-01 2.672287581356540612e-02 4.711765857060262307e-04
2.656279196758585745e-02 -3.311734626326135605e-02 -1.038135111908647856e-03
8.260516843337242787e-02 2.368832218903603806e-02 -9.585042521418927564e-04
7.306000814258077625e-02 -1.314336776180740629e-01 1.323959914672102585e-03
-1.221431520220916112e-01 -1.004911209712298567e-02 2.284048497308801672e-03
8.871701707753411326e-02 5.403857277094134548e-02 -1.190198312560962089e-03
7.630733738491748963e-02 9.900723365983078728e-02 -1.935638999303835586e-03
8.006376213240017081e-02 -5.229955555748300872e-02 -4.342187999778017709e-04
-6.048747610293512059e-03 1.095555715932695212e-01 -2.996584416382263357e-03
-4.295535037148569268e-02 -5.314229148955068593e-02 -2.149527296289090519e-03
6.662890799679430098e-02 -1.222381662790708312e-01 3.357792585574120164e-02
1.176362150649254285e-01 8.573316776043875265e-02 2.189850804323143982e-02
-7.626900130827703184e-02 3.000637018394205352e-02 3.112617442093630615e-02
-2.720387737981579471e-02 -1.285622649371758082e-02 3.156651022601375534e-02
-8.879139418583809062e-02 7.753997432801998380e-02 2.084162114874378927e-02
4.863582882162979792e-03 5.051789597797201603e-02 -1.410149851264303053e-03
-9.557936997440327764e-02 5.427587915389082973e-02 -2.515110180175031233e-03
-5.995652811022401246e-02 -5.717901891655313013e-02 3.208146052815854382e-02
5.795599201631594644e-02 6.476179819905711343e-02 3.253010754208987554e-02
5.935056833195593434e-02 -3.810218836472348269e-02 -4.297192534184215659e-04
4.012835921262562083e-02 -6.275837557157762370e-02 3.270691537065884003e-02
-6.621871120801821331e-02 1.087886037007525231e-01 3.108757615516554232e-02
4.804596969911487450e-03 9.001863758876385568e-02 3.222324994079384108e-02
5.196471509030565344e-02 -9.305483757969439107e-02 -9.585926908127552254e-05
-4.830169624381374510e-02 1.056229734486437977e-01 3.101755534663870259e-02
-7.122758430897579984e-02 -1.366625274331414452e-01 1.216704950137309331e-02
1.101167138854784178e-01 9.058389686341053459e-02 1.289948845990607283e-04
6.553312978020470192e-02 1.074177997531681195e-01 3.251461564610098887e-02
-1.173709970524515062e-01 -6.144556391708460436e-02 -2.011301155581550742e-03
3.317938893683795160e-02 -1.165715883474844339e-01 6.169687411702375892e-05
1.206024767752346266e-01 -1.048384159394914576e-02 9.290179651751475677e-05
-1.258120440552988328e-01 -3.129791377976350042e-02 4.198217203235491551e-03
4.719296347264803626e-02 4.286549401375360641e-02 3.244573727154508036e-02
-8.944577841263430529e-02 -1.320254875420060203e-01 1.085802282514753900e-02
1.124741097453702404e-01 1.355586199362849437e-02 3.376973442571700595e-02
-3.019125006515396836e-02 -1.369211342281246302e-01 2.581501222504774609e-02
1.023709720374191418e-01 1.018360236211413861e-01 2.424238478103535668e-02
-4.912428728177265381e-04 -7.506999517896466301e-02 -1.176106784660868945e-03
1.059050399907411760e-01 -9.747597299813764993e-02 3.204676326136500497e-02
6.093976648595704482e-02 -9.810374958896000974e-02 3.524135105399268920e-04
-4.461604802192949311e-03 -1.041287229995741248e-01 -6.074989165875429968e-04
7.608915679313212402e-03 -1.076945300180075504e-01 -4.977561896941456142e-04
-1.042542569935204777e-01 3.713566023530583127e-02 -2.657893755202269791e-03
-1.411247727191092607e-02 -5.210536565962046313e-02 3.271222044374277882e-02
-7.413261772184148723e-02 -9.038409298505806211e-02 2.894001670831370873e-02
3.937111266625840239e-02 7.033421605019226546e-04 3.252841255715473862e-02
-1.236298850821181683e-01 -9.988651720685306004e-03 4.731001522438989075e-03
3.143469274190893725e-02 9.825273557998009943e-02 3.202936772677016097e-02
1.450093651368634246e-02 -6.528267799210249467e-02 -1.068518741089470028e-03
-1.139667261178814173e-01 -1.071100893535455872e-01 2.903440695217708242e-03
6.272425721479597815e-02 6.070286726665963251e-02 -1.138259221719116563e-03
-2.161325373402789296e-02 7.753872091038743752e-02 3.144363211252674400e-02
2.803247910705950960e-02 6.370865610233729381e-02 3.217432825726839613e-02
-1.062435351638986447e-01 -9.321193678533533367e-02 -1.319550152168240745e-03
1.245050399650578232e-01 -7.905862677069684652e-02 3.265002342006459966e-03
-5.467481589910531958e-02 -1.356675368415012350e-01 2.359591847073505555e-02
-9.585417379112110003e-02 5.895287764455101054e-02 3.118968256416917995e-02
1.834407744187635698e-03 1.186077502037541642e-01 9.079227231329656429e-04
6.281692413958031573e-02 -9.254926168218154114e-02 3.009702376271849241e-04
1.125749157728014871e-01 -4.001925921213548426e-02 -2.891460441764570339e-04
1.255098613183141254e-01 -8.306281011637051126e-02 1.132093715095980682e-02
-2.512747549885927661e-02 1.185957286927004362e-01 1.461664470673617461e-02
5.691875544286861127e-02 -1.298068492536066099e-01 3.348609947604219012e-02
-8.943259267464086226e-02 -3.749815912601926066e-02 3.135372835334490627e-02
-7.657268126091265961e-03 -1.027042771818679687e-02 3.251854396941967346e-02
2.368362240409390210e-02 3.555972200207004746e-02 -9.738779713656792441e-04
4.288789713533464748e-02 -4.480236114157393895e-02 3.280872390051874088e-02
9.069021562022747118e-02 -1.273177558852921221e-01 1.292062397137255444e-02
-8.126660145099318111e-02 -3.557446516774764866e-02 -1.712070139795525631e-03
3.163445711419411721e-02 -1.399789414347132332e-01 1.667037784173176079e-02
8.128941136090729602e-02 -3.710949707386565488e-02 -4.932128701855821541e-04
-2.065573620229366886e-02 1.189768484593583253e-01 1.468756206720403263e-03
-4.066656403903808753e-02 7.450161963806649357e-02 3.123372719393420482e-02
3.213876914190144651e-02 -6.498784780579974427e-03 3.254089379560581169e-02
1.111398054061471241e-01 -3.703863045875351728e-02 -4.169174753762822224e-04
3.571622481468152838e-02 -1.377210282493520621e-01 3.484810468842433270e-03
-1.074280615342566580e-01 3.680668949249656097e-02 3.087409439024784222e-02
7.498620937084139737e-02 -9.021096164368920534e-02 -2.187873699897805845e-04
-1.294882538917035107e-02 -7.319606607149369004e-02 3.355194241564734420e-02
-7.205921959108416153e-02 -8.377314612073694100e-02 3.103608816919861332e-02
1.085843655669802843e-01 7.853986986540868742e-02 -1.104496458166794167e-03
5.080395114933314998e-02 5.625635676884813141e-02 3.240792081646428485e-02
-8.474638342417241399e-02 5.491725657481194740e-04 3.101901816477390522e-02
-9.083134042797580410e-02 2.273855374641951116e-02 -1.967682754615699033e-03
-1.275695389277362313e-01 -4.417056085137224808e-02 2.210352375747260192e-02
-5.873811326109026204e-02 8.198066148569489731e-02 3.103760846356211009e-02
1.212031111379382048e-01 -9.009715769709858435e-02 3.182626970585398368e-02
5.796608643411193390e-02 -1.255576365570438835e-01 1.184205256795340007e-03
-1.254734737746614377e-02 -5.366484094639689673e-02 3.282404856298168361e-02
5.138252493684523220e-02 -5.453124095215539091e-02 -2.183255237719092343e-04
-1.301495732358052626e-03 -7.724185070262385051e-03 3.251994421363629817e-02
1.208839603455586914e-01 7.782495327733489343e-02 5.660949488017217104e-03
-1.898308831625693249e-02 6.992897037856365267e-03 -1.595832625844774161e-03
-1.188146729640498639e-01 5.383444919008910368e-02 2.892335765376297801e-02
6.256516625713970381e-02 4.719975796880800101e-02 3.264033501549239852e-02
-2.856017691819574822e-02 -1.057225893851006793e-01 3.249790954718075053e-02
9.921080695463764532e-02 3.975537645659960040e-02 -1.152435706638536362e-03
-7.701450966832047718e-02 1.317354516491005441e-02 3.119894317466987907e-02
-7.625274586877583971e-02 -8.810893291754272327e-02 2.866916516491277780e-02
1.232117028086634689e-02 -1.218487581668376285e-01 3.084883431694208228e-04
6.884430480766184912e-02 -9.912575077097124376e-02 5.505115720994781714e-05
-1.179300598406826522e-01 -2.285443423948830405e-02 -8.520061002556365707e-04
1.863170179142420446e-02 1.009117042193594799e-02 3.227388051745908037e-02
-4.013072183536406032e-03 9.229915491998222365e-02 3.321268087369119715e-02
-6.088510792437138580e-02 -8.236194986126840756e-02 -1.183108178337764034e-03
-1.106568465461086337e-01 -4.617973177464583523e-02 -2.354686289855629881e-03
1.484340375774683210e-02 1.495663223408461810e-03 3.238295251723141005e-02
-8.354994897254026942e-02 -8.967719298828527585e-02 2.607149458344479656e-02
1.095633544887576333e-01 9.511320613858711970e-02 6.205208361306032219e-03
8.086217841620182978e-02 6.904211473898108631e-02 -1.394012571015927496e-03
-2.260365866417184816e-02 5.296343969633549031e-02 3.154045745884780094e-02
4.316673042443743002e-02 8.732598562152400767e-02 -1.238333762589479727e-03
-8.463446978167568982e-03 -9.343637145440653047e-02 3.343943479468969998e-02
3.825333647995968894e-02 -1.123323538299797197e-01 -2.799395635508431348e-04
-1.289697965777772681e-01 -5.590357323775767273e-02 2.213296590787296875e-02
-2.968058738919476802e-02 -3.753794915069821186e-02 3.168400871856560941e-02
-3.536120519596348127e-02 8.192172235855151030e-02 -2.067838005027646496e-03
-4.818443931477161407e-02 -1.346274313260363287e-01 -4.013357109571061808e-04
-5.841342404325219895e-02 -9.330630385785945724e-02 3.231465560533408610e-02
6.621663928885526684e-02 5.587627261084794628e-02 3.264203035387461260e-02
-8.704842783412146401e-02 -6.220288014870867244e-02 3.112989064070959336e-02
4.684329249262808581e-02 1.591835124610013405e-02 -5.914915752455570047e-04
