-9.488009635474831116e-02 1.186373928709513054e-01 2.649674978243769519e-01
-9.425549877722240455e-02 1.155624405306571734e-01 2.074787706517339791e-01
-9.276275845598395964e-02 9.960556730481866239e-02 6.805808060020789030e-02
-8.701159907177416497e-02 8.800984964491670448e-02 1.847574725497954651e-01
-7.092343454718877394e-02 7.717701071419566516e-02 4.022273124577813858e-02
-1.203784077785785833e-01 1.073523002438614149e-01 2.542286870029265011e-01
-7.569703339518937812e-02 9.105674398557521421e-02 3.198114801075722241e-02
-1.097640499219480620e-01 9.326674103941831606e-02 1.170440588777506147e-01
-1.213612648017054624e-01 1.142348219935585274e-01 2.492449344202494199e-01
-8.721375358675113876e-02 9.883215298814057581e-02 2.170245469999240173e-01
-9.593043714680569989e-02 7.939181500340131148e-02 2.945959802620275181e-02
-9.083764074463399063e-02 1.126279067400754591e-01 2.390842814991808452e-01
-1.017673189419425472e-01 8.609502262601832767e-02 5.169932852596018785e-02
-9.248720317528072443e-02 8.726048113918895288e-02 2.728224215573626932e-02
-1.012039283622071240e-01 1.029317156588232390e-01 1.117905433546428628e-01
-1.070631314969046899e-01 8.577343468623439826e-02 1.134303823985579884e-01
-9.977038870984328289e-02 1.059706557728128107e-01 1.267142755922567865e-01
-7.705613309763183205e-02 9.346254764987746433e-02 6.647491461421138614e-02
-9.458565617002739900e-02 1.179785571594300364e-01 2.468521976800816808e-01
-1.013611205412243282e-01 8.311656522539806469e-02 5.270033245727161197e-02
-8.506048001106877865e-02 1.029197935417716370e-01 1.188447527591420250e-01
-9.368878066282916584e-02 7.279926344577827835e-02 1.172723909123816605e-01
-8.528056366083462680e-02 7.980329308967092083e-02 1.391199549603802654e-01
-8.680792727753516846e-02 1.051224127048225876e-01 2.127899569761931009e-01
-8.163643645353406419e-02 9.990392995102101437e-02 1.204088431893909628e-01
-7.304625575360317036e-02 8.215994676246392292e-02 6.596884177707115771e-02
-1.107565632961838853e-01 8.796362296312082441e-02 2.103032875961518833e-01
-1.102034290209319978e-01 8.507784673796636721e-02 1.849285504790436907e-01
-7.183714293520715444e-02 8.465013086485283222e-02 5.086788185441387666e-02
-9.266385030357636443e-02 1.050829531390325561e-01 1.088885615305332372e-01
-9.964586162065075525e-02 9.666777425953676506e-02 2.710119095518115362e-01
-9.090150120978426895e-02 7.613666474909004667e-02 1.310551630434226011e-01
-1.062955002799401277e-01 8.287865272228660263e-02 1.176089142912710162e-01
-1.141188778763235351e-01 1.072317416248920602e-01 1.841711003830765192e-01
-1.118171679932975920e-01 1.031420544838987652e-01 1.565826022415094387e-01
-1.123150584985347922e-01 1.204987174228580871e-01 2.462579130689299123e-01
-1.097986008202713332e-01 1.090056685066482650e-01 1.791493841718981017e-01
-1.092808095015064540e-01 9.158019489907132105e-02 1.169190314333825864e-01
-9.949081828657518889e-02 7.760127893834099788e-02 5.566962536769457653e-02
-1.145993321825414663e-01 9.173106004283287929e-02 2.435046629584108335e-01
-9.398292563189251936e-02 1.152261902586576292e-01 2.059387817811254295e-01
-1.039918479042581667e-01 9.542190815995293951e-02 8.406126626884581621e-02
-8.340554269731768888e-02 9.542347277023495444e-02 4.065391175995106826e-02
-1.117162516261719779e-01 9.648047350544690370e-02 1.325123104927612705e-01
-1.154674909852433096e-01 1.242089555111501181e-01 2.752707964904342886e-01
-9.165668550349005683e-02 9.006017969067002527e-02 2.152060778665794150e-01
-1.142277851244102027e-01 1.114474192798096258e-01 2.041047167725058564e-01
-1.017620211065422137e-01 1.249104998034163277e-01 2.741763560646992004e-01
-1.156971032710884112e-01 1.177631811360480285e-01 2.841005966590392506e-01
-1.065529305175808156e-01 1.023719536735206298e-01 1.279121046742041357e-01
-1.180558106743262586e-01 1.199517848395058872e-01 2.621886524987888656e-01
-9.218506664525577543e-02 7.133960691736848658e-02 1.012882993422441480e-01
-1.062693302489386704e-01 1.083866263802011759e-01 1.578312754704725152e-01
-7.985441155684085135e-02 9.722724739927937621e-02 1.191986132094227380e-01
-9.013315588757181418e-02 9.922777691650051801e-02 6.161178358745402622e-02
-9.897191007299688259e-02 1.231545538504426190e-01 2.785614675376607563e-01
-9.420981170227381296e-02 1.177239182789724253e-01 2.533528501651530207e-01
-9.887708275465835472e-02 1.100261884572233256e-01 1.487513268318773341e-01
-9.229185471052939183e-02 1.144869855679930132e-01 2.584693179235219018e-01
-1.076120943152812509e-01 9.504444717548260479e-02 2.737019316543192193e-01
-9.816847739124136274e-02 7.566619890041903496e-02 4.509773108253492535e-02
-1.054993269623101110e-01 1.071097611968931107e-01 1.491837455672131996e-01
-8.681684402506287257e-02 1.075074468246094983e-01 1.779159640099470807e-01
-1.062180012449991939e-01 9.792086564022718653e-02 1.059728755772403608e-01
-9.430770765225353347e-02 9.988029614026733283e-02 7.649154879837549714e-02
-9.740283858552491181e-02 1.201972111949364541e-01 2.476089342997288556e-01
-9.682016074032628872e-02 1.031566542098702882e-01 9.774563223981963533e-02
-9.897889000850851327e-02 1.225956424103734344e-01 2.599446588879537057e-01
-9.925168379749556291e-02 1.119325983329510499e-01 1.605862172315216108e-01
-1.003054269250946567e-01 1.238271195606699820e-01 2.802221990848483557e-01
-1.119362964344063488e-01 8.972588048052403120e-02 1.891061167088027295e-01
-1.006121701274945851e-01 8.533313139385048651e-02 2.106375069707508985e-01
-1.149016916009275857e-01 1.207149198080162689e-01 2.576844047069295485e-01
-8.117768962768777408e-02 6.465381101703224220e-02 3.399366855834305007e-02
-8.437308558532377600e-02 7.290934866826373484e-02 9.204372395094324866e-02
-1.001301896304156031e-01 7.312643301053729783e-02 1.086482301884217211e-01
-1.124693499284234455e-01 9.057017185666760284e-02 2.057519404889791015e-01
-9.954159190843252236e-02 7.376552063954086580e-02 1.178125771679425504e-01
-8.834999163594581262e-02 9.470130774319396316e-02 3.325274411188396811e-02
-9.213726701348587400e-02 8.011251532024425692e-02 1.641560596872694566e-01
-7.272110058886528672e-02 8.719733015041856994e-02 4.248061497382507601e-02
-1.171503623438732711e-01 1.179672577700571490e-01 2.461680936032824840e-01
-8.916650537785743291e-02 1.107432477753924338e-01 1.891013253963507168e-01
-1.174369708493139819e-01 1.076863156768488594e-01 2.846162539508955147e-01
-8.947777977776411040e-02 6.606496568978607875e-02 5.951821803875963907e-02
-1.152216662945016040e-01 1.037426113481410977e-01 1.969317580291502501e-01
-1.091951450128145346e-01 8.707969122677294838e-02 1.465040244957110938e-01
-7.966136735107839928e-02 8.942075272863779511e-02 1.334989751436059802e-01
-8.228468350421787314e-02 7.643268342640512081e-02 1.083337446167528251e-01
-9.139075916779297593e-02 1.051326288218938088e-01 2.653475811022078523e-01
-8.918338193208291687e-02 1.091234225158705801e-01 1.725204165979560555e-01
-9.174228176984332295e-02 1.007712679096325475e-01 7.726290266240128102e-02
-1.031752176360219292e-01 8.833707004555015063e-02 2.358338100590137154e-01
-8.649734088764370055e-02 6.931309555064880945e-02 7.201416135143867692e-02
-7.551045287004305717e-02 9.094940622639269279e-02 4.757424713618436246e-02
-1.092489473112107645e-01 1.045620966834889531e-01 1.483048456628754119e-01
-9.531597376065531479e-02 1.006070801615299021e-01 8.147788651755107081e-02
-8.123420455331402390e-02 9.126954736459533257e-02 1.503810933127756599e-01
-1.021455299722493770e-01 7.471791698781575508e-02 1.087843232946973382e-01
-1.156135084557828596e-01 1.031914371857621804e-01 2.000855596298904970e-01
-1.160758527671291035e-01 1.114736985638905553e-01 2.127942340096714013e-01
-7.932600273347145681e-02 9.406889486155484148e-02 4.248186098365793611e-02
-8.468751461853110674e-02 7.543946340850082866e-02 2.507906842614160414e-02
-7.614483622399854934e-02 8.488743414595278924e-02 9.710259438172669233e-02
-8.670961051107373141e-02 8.102290724244382014e-02 1.522385650870501372e-01
-1.038593256651456631e-01 1.185659376655085473e-01 2.158483649371524260e-01
-8.961804768031721158e-02 1.117307253476741424e-01 2.033005999228427452e-01
-9.052430479989155565e-02 1.105261571293364720e-01 2.533612779620357802e-01
-7.265495396160172314e-02 8.330359447210702872e-02 6.208961511377588532e-02
-1.014585221282326283e-01 8.034660057188641735e-02 1.745679586280178552e-01
-1.103347545688571768e-01 1.194298800326184101e-01 2.856758314274242538e-01
-8.314012671048195968e-02 8.131736501929266725e-02 1.369329061003242143e-01
-1.095076230833012115e-01 1.066620103216212034e-01 1.588271412175246977e-01
-8.101011136807463597e-02 9.254777315467484222e-02 1.576671584397550951e-01
-8.046136793835331757e-02 6.559502703187919392e-02 4.487133532963000215e-02
-9.779433061480199973e-02 7.740452355342572477e-02 1.532846353288069841e-01
-1.161948401524938723e-01 9.805963631091527133e-02 2.243480135421705435e-01
-9.366926369433306587e-02 1.169108831328373455e-01 2.471518204247984962e-01
-7.925705860058665508e-02 9.354734202626875661e-02 3.731430491662603849e-02
-1.111409881383183806e-01 9.847880736768065135e-02 1.338712610126060742e-01
-7.495061448614055710e-02 9.043547036987659160e-02 7.636807524942865188e-02
-7.848627185499830461e-02 9.403674579478976669e-02 5.487032679028021331e-02
-1.078684351503006594e-01 8.834669013523017977e-02 1.122602299039877349e-01
-8.547234662740764433e-02 1.016456982547205568e-01 1.991361734184635690e-01
-9.404912718017673090e-02 1.150092173223896397e-01 1.981983874668982182e-01
-1.192158100232560691e-01 1.149752502429045031e-01 2.402573825587963896e-01
-1.025150889007943877e-01 9.386865408679621881e-02 7.235037370771243981e-02
-7.496909392087809654e-02 8.858850845704893673e-02 2.947839276519803597e-02
-1.156334171305112013e-01 9.701442646649577339e-02 2.190072219852295943e-01
-1.139025861262485395e-01 1.014418771905177680e-01 1.611458589250719109e-01
-1.209009494127343126e-01 1.162642359766676015e-01 2.538463371092387066e-01
-1.057020356426910529e-01 8.241796964332673281e-02 1.065503754153964561e-01
-1.012462433418914731e-01 1.118890405185683501e-01 1.619218374299475904e-01
-8.207359470863768991e-02 9.516063432084402585e-02 4.090790303420503704e-02
-9.871254809379473305e-02 8.092918397087114912e-02 1.778056593130520058e-01
-1.056087417971508235e-01 1.110481428563929174e-01 1.775960236389954594e-01
-1.148767797045236461e-01 9.189895758615572452e-02 2.395890976482705215e-01
-8.488670830907063536e-02 7.214898592638072095e-02 8.596851995257245860e-02
-7.214168465798881380e-02 8.251970419283874425e-02 5.645869574862358298e-02
-1.070095112936837733e-01 8.316078428068064687e-02 1.883787880255608504e-01
-9.747427699244062826e-02 7.591227849679874073e-02 1.405706992425138357e-01
-7.622469071488847947e-02 9.144856733783823799e-02 4.333407053481672794e-02
-1.003739501839602949e-01 8.050042008718598374e-02 1.759755742765538311e-01
-1.000911761265460553e-01 8.192989862572430670e-02 1.864104149484733242e-01
-8.420648416778329926e-02 1.007388988390474638e-01 1.847259433113600802e-01
-7.301187447905506389e-02 8.103920748527100593e-02 6.480000284471233718e-02
-1.027275590134040378e-01 1.009691076158862749e-01 1.068237201394003633e-01
-8.558759452916309129e-02 1.050034059654263441e-01 1.795821352675588678e-01
-9.654534930442514040e-02 8.045100811149151487e-02 1.735692979934737867e-01
-9.559987832192606838e-02 1.184152607968962934e-01 2.387142677526355172e-01
-9.436587770545133702e-02 8.591998282712447199e-02 1.980051100121013319e-01
-8.538314990580400665e-02 9.993517706063073658e-02 2.007021403959154959e-01
-1.023688950565703609e-01 8.161930468538099170e-02 6.457128901055321502e-02
-8.593373510892743372e-02 1.018528601816737766e-01 2.040854382062093353e-01
-1.107604686305685149e-01 1.174545719565357332e-01 2.860035460144551012e-01
-1.023424558074443741e-01 7.727689065702061932e-02 1.411595724101419591e-01
-9.495301423723692680e-02 1.185431195262110909e-01 2.737513850634137880e-01
-8.118739839798543023e-02 8.383880184404192415e-02 1.352056364885450834e-01
-9.447241731430719436e-02 1.160337216027775981e-01 2.144967893593388020e-01
-7.880442147784688656e-02 7.588375248941145457e-02 8.782403296802571147e-02
-9.447786421477685770e-02 9.565818379074890465e-02 2.508439707189655254e-01
-9.977102449565405928e-02 8.008369677518727137e-02 4.401665535386265621e-02
-1.040716571171375338e-01 8.128566158706033995e-02 1.783376297876359540e-01
-1.094349276811266009e-01 8.610163575828069793e-02 1.607328466011355705e-01
-9.888924528057020658e-02 7.545594084169539306e-02 1.341524901941597847e-01
-8.900444683323244233e-02 1.099931687078475329e-01 2.257547978346555462e-01
-8.617285900009201416e-02 1.065950111726258476e-01 1.790623486231904538e-01
-8.889796325805686406e-02 6.971398148621443802e-02 7.788589420339708802e-02
-1.019426108552130839e-01 7.419756359026975778e-02 1.036535580035378573e-01
-1.007376780580950398e-01 8.831444612275581030e-02 2.203127005987970122e-01
-7.093807623976268462e-02 7.881530546359405420e-02 4.387021329468750175e-02
-1.028426783849198944e-01 1.002116831289932702e-01 1.029726998409970645e-01
-8.867111420486947782e-02 1.085092567133843777e-01 2.276886727051234960e-01
-1.200739181552364365e-01 1.105083795728781376e-01 2.274987106867887021e-01
-1.127832178223829307e-01 1.127382090080719240e-01 2.082569092117713683e-01
-1.224098352054937555e-01 1.128650971756666593e-01 2.586698179695299804e-01
-1.088524701535625583e-01 1.118935408210743887e-01 1.949028788866970230e-01
-9.801587100573944111e-02 7.352869281722837491e-02 1.207303318383387142e-01
-1.022899432407621267e-01 1.069197976448675175e-01 2.874332103739866695e-01
-1.164533028720518698e-01 1.137361163221755761e-01 2.850656702290885192e-01
-9.789439651201710391e-02 7.394011591515843584e-02 5.300602098950779606e-02
-1.077896261663974786e-01 1.012508738708644135e-01 1.250183909723723286e-01
-1.134642012913192610e-01 1.050479382552595431e-01 1.722812601205286898e-01
-1.042772376939795492e-01 1.139660245666562766e-01 1.844831500361254761e-01
-8.294626489058237739e-02 1.015523183217332953e-01 1.365793465784208016e-01
-9.996729835557101318e-02 1.174526984122463147e-01 2.035163027046374418e-01
-1.095955558078709063e-01 8.516874987262688934e-02 1.712771558343698097e-01
-8.962023741329530613e-02 1.110763941823158241e-01 1.946671765148589028e-01
-9.565848472512926415e-02 7.488443494670188327e-02 3.479362367870960510e-02
-1.186681666761668363e-01 1.020118732594927496e-01 2.524232189860249331e-01
-8.208540037835722336e-02 6.487809572563681126e-02 4.320599632303077919e-02
-1.135656328874867366e-01 1.030792653949908350e-01 1.646554667663464311e-01
-1.096070745837095378e-01 1.236976760758261989e-01 2.541806618997562439e-01
-8.462113734624845951e-02 7.572074481544578684e-02 1.157459790472647465e-01
-7.868081592259870694e-02 9.055610873656448623e-02 1.265615698902088637e-01
-9.369849930222501344e-02 9.789759843515659365e-02 6.158830896046205844e-02
-8.922272872673052413e-02 1.054107464794979826e-01 1.197890704367814974e-01
-8.695756471144783228e-02 1.052296279427251263e-01 2.145453088089714078e-01
-9.604487669986772058e-02 1.148076577957076044e-01 1.930228556674824514e-01
-9.957030996053813088e-02 1.211991619209594057e-01 2.473556497124597686e-01
-8.184735835956473415e-02 9.665457356167078684e-02 1.630256527073010719e-01
-1.021739482012783140e-01 7.493210900574050204e-02 1.106517271145068398e-01
-7.998966362294851473e-02 9.546653659118162216e-02 5.887027110569546112e-02
-1.013488746865002788e-01 8.872719900568354356e-02 2.346169830131124290e-01
-1.017412651366423476e-01 8.324287835225882559e-02 5.509505283009919624e-02
-1.126758635612151033e-01 9.406196500993244114e-02 1.710405623294406208e-01
-9.273522073150490541e-02 6.739804678964946005e-02 6.959638832123411778e-02
-8.006234886035790144e-02 9.160706107811361631e-02 1.372638784484341012e-01
-8.794901747755262678e-02 8.907274207968807200e-02 1.920683308934330868e-01
-1.084057911722469403e-01 1.044050177827752918e-01 1.424813342294854179e-01
-1.023602725991497459e-01 1.150681471627029440e-01 2.861456508754238182e-01
-1.014258321448302941e-01 9.360145752948982600e-02 2.577033369131231377e-01
-1.213599692810776037e-01 1.117089546160770913e-01 2.439062863750566246e-01
-1.033882606964344059e-01 1.046190186172743369e-01 2.875855971248479359e-01
-1.026725296788779662e-01 1.241359486249111049e-01 2.579877247691378384e-01
-9.590908530673861176e-02 8.972384508483269294e-02 2.204239588589892440e-01
-1.027360637048441439e-01 1.196639601213549259e-01 2.218814836177659400e-01
-1.030964576115477455e-01 7.603140536036311070e-02 1.039024014555719189e-01
-8.465925224732327725e-02 9.726317037769906249e-02 5.355572528370255991e-02
-1.081650276438785169e-01 8.876543866713432207e-02 1.154959506454545509e-01
-1.138561406681446453e-01 9.410583222778506896e-02 1.998281307650594252e-01
-9.413405306655983629e-02 9.179167871006728430e-02 3.589367917853282519e-02
-8.466040234544786047e-02 1.009551688027642696e-01 8.960004007875453647e-02
-1.105520022611022474e-01 1.005468049595069496e-01 1.389551340104332178e-01
-1.208582748138696955e-01 1.089183456726954963e-01 2.669366597315456224e-01
-7.891264325418741177e-02 7.716277875717358903e-02 9.366263962209235572e-02
-1.216422978049148534e-01 1.118303744836603442e-01 2.506832896768440011e-01
-1.055762557568612342e-01 8.149788755274055274e-02 1.119152204782210558e-01
-8.487521803169900680e-02 1.043832550762456984e-01 1.536963097504450426e-01
-8.938875410025164114e-02 8.726080066318135653e-02 2.793792129698272758e-02
-9.922725879311446173e-02 9.555600970652969317e-02 2.627804273796338630e-01
-9.528153588336572832e-02 7.017840395287490429e-02 9.110170938254753825e-02
-9.938901689191904920e-02 9.869037773012138970e-02 8.268127917322573572e-02
-7.666189400771075690e-02 7.233287623414025314e-02 6.294577129118578140e-02
-1.187903354324741784e-01 1.052197081626138481e-01 2.715611397755871015e-01
-1.222411541651132194e-01 1.103237217858194646e-01 2.615643144759849936e-01
-7.252665232095290015e-02 8.472371220934409031e-02 5.870424068860886219e-02
-9.331390246090776053e-02 1.165759288832961121e-01 2.494612223837589238e-01
-1.047491398696261400e-01 8.509503470062380892e-02 2.109290795992169176e-01
-7.070789692157550266e-02 7.832569969304646607e-02 3.959964032393938071e-02
-1.113985657022918130e-01 8.787085376193598529e-02 1.915376792033454123e-01
-1.174797400424703459e-01 1.020824748468111831e-01 2.124849092734048261e-01
-8.196614284766856606e-02 7.840376675508081705e-02 1.182587816151493415e-01
-7.625534236702291579e-02 9.162394444254161330e-02 3.607202002956606812e-02
-1.009206694522719883e-01 1.119083622168449005e-01 1.616132858727721000e-01
-1.159947201376228948e-01 1.153611368613592647e-01 2.849478655896172663e-01
-1.125510745435144289e-01 1.116278351647150557e-01 2.019892254962521450e-01
-7.284681339624615726e-02 8.075939310638564905e-02 6.303306935532354549e-02
-7.525799228447672962e-02 7.603092073734160627e-02 7.127538595494307960e-02
-1.123868076581423098e-01 9.317013952726291293e-02 1.717981999941442517e-01
-1.024856671486715082e-01 1.110531630641006934e-01 1.598820431932531649e-01
-1.138556544434204676e-01 9.565347883697436493e-02 1.864240415089184477e-01
-7.726906862384633201e-02 8.747260266335055157e-02 1.106197611925714419e-01
-1.022662698049068425e-01 1.241472651772455305e-01 2.602340418963281499e-01
-7.369851199503264783e-02 8.884762995605316460e-02 5.989481077944176085e-02
-1.034194487506967242e-01 7.744253662205576039e-02 9.287439276802755828e-02
-1.033666134880876081e-01 8.496463303777926357e-02 6.640824687284020700e-02
-1.053121212387369554e-01 1.005240754669261549e-01 1.130831629445773340e-01
-8.904775548702709154e-02 1.091232738221142029e-01 1.637366111524406198e-01
-1.091218340550053068e-01 1.087425928683941195e-01 1.776780130286028381e-01
-9.407854618641030287e-02 7.936702805035882047e-02 1.635987148448579398e-01
-9.122802512142143272e-02 1.134506359092297689e-01 2.382091761671409347e-01
-8.012584957069315839e-02 7.570772818348413258e-02 9.220741286368339118e-02
-7.780671748490577966e-02 9.180454104027949147e-02 1.177578763369721004e-01
-1.058303024131180686e-01 8.018203125717840440e-02 1.403921456329628170e-01
-7.829516495981266033e-02 9.539541189460486181e-02 8.075049969094112712e-02
-1.162769117595831292e-01 9.690592940082513873e-02 2.368572081059244216e-01
-1.200380667260200207e-01 1.062114285308180806e-01 2.636069991205984842e-01
-8.653217251987890823e-02 1.042879539542020118e-01 1.230020462731272191e-01
-8.010776859067660072e-02 9.761230393629702351e-02 1.040173915539002181e-01
-1.074740423070180695e-01 8.554255122782886134e-02 2.071789550634413057e-01
-1.096220951235220009e-01 1.255491502236740775e-01 2.685751060613845165e-01
-9.167849986181053623e-02 1.100394020689246799e-01 2.689639929142348951e-01
-9.110072333394138300e-02 8.307956074032504801e-02 1.766145862389656152e-01
-9.733291929784244900e-02 1.179093508810299534e-01 2.144021959174082503e-01
-9.227524488974890582e-02 1.036729829243776407e-01 9.669817249063740461e-02
-9.160954302058076093e-02 1.114830819920197696e-01 2.650762358495927784e-01
-8.912148728938043551e-02 1.033647962846585139e-01 2.418573772569597435e-01
-9.713447305071970517e-02 1.105813159722695421e-01 1.523886577209091486e-01
-1.033071936334743618e-01 1.098547293532325525e-01 1.561851078582190688e-01
-1.133532088347455613e-01 9.690938573264673561e-02 1.608323178004968934e-01
-1.128887872549454580e-01 9.830317634888061096e-02 1.484146671277367380e-01
-1.032832126574204507e-01 9.523366924780923837e-02 2.706553261114258979e-01
-1.066663993767218571e-01 8.234289822794517433e-02 1.289987627175863683e-01
-8.890182260311191298e-02 7.529336013906477720e-02 1.269322632992665456e-01
-9.716599814098859922e-02 7.315142108321980030e-02 1.182488668335962834e-01
-8.734425517426584740e-02 7.358241628000908308e-02 1.073063186369370842e-01
-8.818326668790610334e-02 1.095865020061793649e-01 2.017598083290707556e-01
-9.429411528962712563e-02 7.771934500843322158e-02 1.505305889897373128e-01
-8.309254419414172088e-02 9.651488603278356171e-02 1.770302270352197838e-01
-1.070156695486493420e-01 1.262822350701650331e-01 2.711082192133748014e-01
-1.101306191436498827e-01 8.845423225348930663e-02 1.574010344320938004e-01
-1.012647676663029767e-01 8.778040761292858762e-02 4.384359644688196750e-02
-7.305865721248286371e-02 7.175416911143066290e-02 4.100839698520482995e-02
-8.540735703216699448e-02 1.014817275467980867e-01 9.123964273731434427e-02
-8.116888076797212914e-02 6.499585974318006221e-02 4.222724673286964991e-02
-9.366447288908009983e-02 9.502330770861107390e-02 4.884543554603969912e-02
-8.911838770319273351e-02 7.170114650680040058e-02 1.000556904524596835e-01
-8.677840052262851545e-02 6.547358810837895782e-02 5.272096681042789945e-02
-1.011901506202357026e-01 8.881705350310944991e-02 2.348097370949596974e-01
-1.095348606063755031e-01 1.019083954846627255e-01 1.379310875688816163e-01
-1.088822293135040947e-01 9.674183975862812868e-02 1.161463456102665992e-01
-1.028994604341813279e-01 1.055036348423471909e-01 1.350269225276681806e-01
-8.224552296670677165e-02 7.258492657034505691e-02 7.704536553942391286e-02
-9.488394866971254504e-02 1.166380090628434812e-01 2.165359639059391550e-01
-9.679585415511315905e-02 6.976982318318755705e-02 6.670602655861833374e-02
-8.063814198401246525e-02 8.719246174742444067e-02 1.422930907331993178e-01
-9.669268417757818923e-02 1.043672538628298702e-01 1.057690035153570490e-01
-9.810011123365662555e-02 1.051061381952426294e-01 1.134082720030032548e-01
-9.637260859499513499e-02 9.030165996767096359e-02 2.308407775749393709e-01
-8.032964208177297005e-02 9.278341779635107534e-02 1.417358903643186896e-01
-1.083157522944206697e-01 8.217412444392085957e-02 1.742437037411733447e-01
-7.738091427172515135e-02 9.417252850084634197e-02 7.876514229023157121e-02
-1.053328786976303333e-01 1.257539415738386790e-01 2.690608372202074605e-01
-8.178122800934493897e-02 7.351902641705583552e-02 8.363405401049570087e-02
-9.565027030052729307e-02 7.393634287121321480e-02 1.267117324212905516e-01
-9.534395295528372283e-02 1.004831670537878890e-01 2.779310971943446673e-01
-1.203089002386096562e-01 1.070918944070782253e-01 2.536901338685158547e-01
-1.124411261699599790e-01 9.256873299086845752e-02 1.785915406985314202e-01
-1.074540509662157833e-01 1.085154315806873410e-01 1.645684676302486549e-01
-9.881523080012807880e-02 7.105762776877565245e-02 8.523772844482128963e-02
-8.356962364441646030e-02 9.384509183888875561e-02 2.980270198216240785e-02
-8.578857245660927167e-02 8.426268475693346471e-02 1.640497732948041076e-01
-8.790265190678263341e-02 1.083626772139002631e-01 2.115976654138988777e-01
-1.029074751386861719e-01 1.176311274268027618e-01 2.858810871941655507e-01
-7.876594217891204341e-02 7.875895019688859688e-02 1.013138490514497031e-01
-9.126356859433515378e-02 1.142169705637400695e-01 2.319816146920063438e-01
-1.015881723464850395e-01 9.886333294305441055e-02 9.280473063607534712e-02
-8.116410030659107488e-02 9.182474442526314395e-02 1.470008924254954108e-01
-1.055261684191261679e-01 1.032064381009585169e-01 1.312265507712995771e-01
-8.642109509096937425e-02 8.800838570731940591e-02 1.798213681211709436e-01
-8.564368888794569867e-02 7.238096771026616971e-02 9.477695237443510556e-02
-1.079997538673497098e-01 9.293272666352241085e-02 1.000200160616559475e-01
-1.031505539458802551e-01 8.426328042668401741e-02 2.060079590460976440e-01
-8.199764348748318776e-02 7.213079803752998898e-02 3.109588369047677769e-02
-8.640407272756167600e-02 1.045244317723971611e-01 2.074142930673036345e-01
-7.645432589087663988e-02 7.945471848732642284e-02 8.742597181144647067e-02
-8.365463165777396737e-02 9.541634431300029251e-02 3.977663236306663158e-02
-1.007077699892713063e-01 7.393143686933803527e-02 8.470447729687953509e-02
-1.135889315278732770e-01 9.397911675209336124e-02 1.939433554206100307e-01
-7.336101621087029456e-02 8.756541605963351349e-02 6.415420690417818206e-02
-9.676727341663604598e-02 7.304162554416226971e-02 1.178275597913867184e-01
-1.021379286121125579e-01 8.391528228044663196e-02 5.703000233961887794e-02
-1.002470286883155731e-01 1.031268571809853818e-01 1.093934424021901358e-01
-9.191751992838875784e-02 1.071659566376024914e-01 2.704005503875275829e-01
-7.971414540458833520e-02 9.758361598146189642e-02 1.112234838925350439e-01
-7.728375882752085146e-02 9.027746321652209416e-02 1.138157958758293647e-01
-9.848760238689444058e-02 9.340792397860045448e-02 5.438498154165806453e-02
-8.115977086508557869e-02 6.489015998826228038e-02 4.110156830765517022e-02
-8.704094651310412267e-02 1.050985851964668372e-01 1.292261065682945020e-01
-1.143111058898354376e-01 9.643637447152896003e-02 1.908430037890138098e-01
-1.182412476106332183e-01 1.120341129860370488e-01 2.256456691819885563e-01
-8.331048070261704019e-02 1.007192291905398690e-01 1.027138223092545766e-01
-1.199099829084465663e-01 1.068174314686700099e-01 2.718174591824042974e-01
-1.122574558855824606e-01 9.642343476904699506e-02 1.428444881726065041e-01
-9.715141555082637548e-02 8.934866142771774600e-02 2.900873209466832067e-02
-8.173017478026378679e-02 9.855961183365766209e-02 1.566915026351041185e-01
-1.171872215861662764e-01 1.176411117742732354e-01 2.827185060593965793e-01
-1.007788604771578944e-01 7.784947515895276893e-02 6.432557867383729977e-02
-1.026167353255346276e-01 8.063335329688260666e-02 6.935269834794662025e-02
-8.357859176606469154e-02 8.851106398477515125e-02 1.642082398454584591e-01
-9.848144215411876179e-02 9.075343819119285893e-02 3.865071081652176471e-02
-1.017855278897702442e-01 8.389870039104284360e-02 2.020383865011907976e-01
-8.340663411561959062e-02 9.989985839477363849e-02 8.714264383076721077e-02
-8.417232218879992789e-02 1.036614721800791644e-01 1.502243027597768565e-01
-1.062272468478871884e-01 9.090197617973565236e-02 8.380533451746148554e-02
-9.028605221194567487e-02 9.738228056715862724e-02 5.408531582268878701e-02
-7.399098395981394682e-02 8.329927979753917744e-02 7.710580513748464815e-02
-1.058129283268856025e-01 8.262344749929913246e-02 1.078658792687090112e-01
-9.352072051364374028e-02 7.746287585156462485e-02 1.454168675110092124e-01
-1.152023110193219485e-01 1.067821377665432864e-01 1.938263308885698477e-01
-8.640978892861406191e-02 6.879349454065321334e-02 7.039027611715902022e-02
-1.078651915144648032e-01 8.253487500216484529e-02 1.791094489363156406e-01
-1.054002785795267183e-01 8.283295022289259568e-02 9.324825108267445484e-02
-8.910823100087283954e-02 9.593907969950676851e-02 2.260439966891310271e-01
-9.211965849467186607e-02 8.689740466073021807e-02 2.721073145721022296e-02
-9.182573496488510845e-02 9.967455601184481429e-02 2.532720124988884769e-01
-1.071897577018043751e-01 8.673041597273940806e-02 2.229370788568917072e-01
-8.554244796530925676e-02 1.044539140363110741e-01 1.405903047118976790e-01
-1.025814801157027972e-01 9.613697125937298305e-02 2.763519636321291606e-01
-9.287986010470575260e-02 8.864529981973992556e-02 2.090580952231178569e-01
-7.327871509246348947e-02 7.379792616036778830e-02 4.889255219723333962e-02
-7.364445522721663195e-02 7.133114751041810808e-02 4.300627544435656896e-02
-8.235188052538064407e-02 8.363123636299714392e-02 1.433408218513537447e-01
-9.793031447791000765e-02 8.604929326899171671e-02 2.025851419028127653e-01
-1.036126256058531453e-01 9.015419437455553242e-02 2.434180116076729017e-01
-1.089954922309119556e-01 8.271464362249719704e-02 1.685367872050056171e-01
-1.088195734739057369e-01 1.121078163136074446e-01 1.959079133675816209e-01
-9.238774654760976979e-02 8.170322194438023322e-02 1.729626367682936261e-01
-1.020744691790312630e-01 1.216461723710568349e-01 2.380087911219935515e-01
-8.230329465913494014e-02 1.000765057006817310e-01 1.073125800078220393e-01
-8.725869407363159858e-02 8.296725090593769225e-02 2.743771844467490784e-02
-1.080867729020480034e-01 8.279112880592122414e-02 1.814219349452392549e-01
-8.637386169343845566e-02 1.045448925931773826e-01 2.067007437820413129e-01
-1.118954344473063606e-01 8.966023817151401454e-02 1.886907843889479852e-01
-9.791080415967905182e-02 1.036034831269722484e-01 1.041287493785713336e-01
-1.202488381268877193e-01 1.203812550691082117e-01 2.705246680213733712e-01
-9.663118644216313335e-02 8.414598806356086980e-02 1.951880750432233580e-01
-7.174956807761492805e-02 8.426631700049126705e-02 4.288716147249001936e-02
-8.014508700097994209e-02 9.641878931178958501e-02 7.358717239132540888e-02
-1.010615405581991449e-01 1.072182126930203983e-01 1.369115759875506322e-01
-7.890153926261374295e-02 8.751162512183663367e-02 1.235862645694631307e-01
-1.052068861577279552e-01 1.046282165766852651e-01 1.374308679875854144e-01
-1.084673132353981828e-01 1.012484124585374956e-01 1.300542405550910441e-01
-1.013400817591091629e-01 8.063753214482176357e-02 6.001917071830750738e-02
-9.651050890837396812e-02 1.135267708303200479e-01 1.759233706438202149e-01
-9.600679236910662773e-02 1.119191137396422231e-01 2.851326226617255655e-01
-9.419460893263352508e-02 1.177480356044934839e-01 2.580692159962276189e-01
-1.149734294298640908e-01 1.004371915018950484e-01 1.781286351676809876e-01
-9.977647536040089304e-02 7.526376977833652837e-02 6.480108068500893548e-02
-9.179939370628681372e-02 8.220590004891588365e-02 1.741198018882635645e-01
-7.295428833905273636e-02 8.427627728911669946e-02 3.018623579176100621e-02
-9.848101543454064466e-02 1.100766820788659228e-01 1.486339681310193950e-01
-1.147175154583112561e-01 9.848728564013572995e-02 1.837922655280725959e-01
-9.339477434370349607e-02 1.159172361452249500e-01 2.733699359309046950e-01
-1.084941088627764810e-01 9.602551870567856140e-02 1.113931697420712796e-01
-1.093546716269905572e-01 1.147989469769484100e-01 2.121613802215319977e-01
-7.543867498034488583e-02 8.915576529731321365e-02 8.820839213035724935e-02
-1.059967192601248553e-01 8.500345485954180491e-02 9.386242223861976375e-02
-9.769997144899168762e-02 9.146266857653034821e-02 4.291447583876720206e-02
-9.404872049580956239e-02 1.147609454100324972e-01 1.972663390827751884e-01
-7.920341712977020665e-02 7.844250986550203864e-02 1.027843095307628130e-01
-1.056525470553492663e-01 1.078656672055831878e-01 1.535666017492244850e-01
-9.523967557222755287e-02 8.356748384304202304e-02 1.897757091885107217e-01
-1.055562142314792895e-01 9.336947158912278777e-02 2.649930843968246186e-01
-1.206724923974326624e-01 1.108965201612822082e-01 2.320354360745485456e-01
-9.420870740257719644e-02 8.813218096329915319e-02 2.087810747611166251e-01
-8.890260802992593081e-02 7.813298704095791858e-02 1.393649915789232085e-01
-8.134886106559130470e-02 8.060655509850264688e-02 1.246508144702320187e-01
-1.048674237535996423e-01 8.084457723125963724e-02 9.691801612226920437e-02
-8.472559665357437542e-02 6.697588720918187799e-02 5.829932725770644447e-02
-1.170975890388250423e-01 1.144854301071342034e-01 2.297604494248454421e-01
-8.106709126602140714e-02 9.759556201393108921e-02 1.399293609978001507e-01
-9.357080459163842623e-02 8.622674280269829183e-02 1.980365184568554648e-01
-1.020195978965306033e-01 1.140378811146193494e-01 1.801110414570342155e-01
-1.080824187270443271e-01 9.100822801932625938e-02 1.006926966292242404e-01
-8.943071039977350256e-02 8.193827496109436226e-02 1.665683611289212052e-01
-1.129632049356370099e-01 9.368603081910953367e-02 2.664035645282781251e-01
-9.897429061019523411e-02 1.035746421577592030e-01 1.073768983145691330e-01
-9.293573877074305656e-02 1.042388997613564322e-01 1.004203149575511322e-01
-1.041358059673957309e-01 9.120282849856027607e-02 7.271883202423159998e-02
-1.029075509095353780e-01 8.912231370166114053e-02 2.392288981593660990e-01
-1.032177397141881281e-01 8.834873387564018410e-02 6.064152385649855537e-02
-1.076332683389424616e-01 8.290887966121145147e-02 1.468011301694720494e-01
-9.888145217028876388e-02 7.341675578434379845e-02 6.383383319813933088e-02
-8.409989421097227580e-02 9.929035141025306654e-02 1.876470377107227194e-01
-8.452223223619761971e-02 7.824127990705315172e-02 2.742519448787301625e-02
-1.012545279905767148e-01 8.511645710520511499e-02 4.708873537737068987e-02
-1.045747393841278267e-01 9.804990757579870597e-02 9.915756907454147118e-02
-1.139033462775683181e-01 9.761363114230459104e-02 1.697619611435413067e-01
-9.536425135319259727e-02 1.098650192885608223e-01 1.468700846258007009e-01
-1.005664855199527308e-01 8.511701263048568333e-02 4.066539139400677377e-02
-8.893758173476527806e-02 1.097556085853767516e-01 2.262393514891793689e-01
-1.150621525823357222e-01 9.879757138694718333e-02 1.901145132686772043e-01
-8.548018267501227008e-02 1.044755529030213792e-01 1.852434851302002528e-01
-1.068357839139755933e-01 8.148023812274694799e-02 1.407892151233778033e-01
-1.100094042185440907e-01 8.830934241724122669e-02 1.553174642620679391e-01
-9.991818481581132838e-02 7.663706605105813363e-02 6.169624228001356625e-02
-7.352171021119445482e-02 8.327768581551590887e-02 7.442315217069218891e-02
-8.930458573406832579e-02 7.835320859361491475e-02 2.073909210140155793e-02
-9.356862330480410217e-02 1.087660577699819803e-01 1.380727049585391275e-01
-9.238524461831766621e-02 1.079155307874141156e-01 2.765462089136584423e-01
-1.010370816921666998e-01 9.277483104020586846e-02 6.073362309182089164e-02
-8.345191202993430812e-02 7.654690268747571524e-02 1.159737655538158330e-01
-9.555600595796155672e-02 1.005696302517018609e-01 8.168547909560289200e-02
-8.342531266909115895e-02 9.794738093969963810e-02 6.256745897250830246e-02
-1.092484777345257563e-01 1.170104056351176924e-01 2.181621721063149999e-01
-7.239527298807162115e-02 7.200857237453518744e-02 3.259176264892849756e-02
-7.832283040896903525e-02 8.138957154681265849e-02 3.011105555925338087e-02
-1.014224614558099785e-01 1.174366354070112278e-01 2.020100785108445707e-01
-9.954505567459026594e-02 9.691596439111106742e-02 2.739901312885474338e-01
-1.144412806661363330e-01 1.021196505276433658e-01 1.683495468891444136e-01
-8.679923268056685681e-02 7.158467099199629369e-02 8.993772213593538567e-02
-1.184287401665263528e-01 1.203598570222706721e-01 2.652478570466350605e-01
-1.073396016717840518e-01 1.092170254268973184e-01 1.760551278751983084e-01
-1.167848079921180032e-01 1.121520970384533022e-01 2.851734467175469634e-01
-7.623441035503646102e-02 7.169519008787844649e-02 5.846681609657491258e-02
-9.000478656812770095e-02 9.765207923016161473e-02 5.527493279465865023e-02
-9.235579464126948690e-02 9.089408128731789327e-02 2.744570063902928431e-02
-1.189122546396986502e-01 1.049044870783107514e-01 2.175632188562258706e-01
-8.964586923601558510e-02 1.044439718068677220e-01 1.068061885540182304e-01
-1.073472750782049345e-01 8.288698766669239104e-02 1.532528635750496637e-01
-9.099152221217843284e-02 8.156312494883045938e-02 1.688538704607681629e-01
-8.864984759987711016e-02 1.028160917183020412e-01 9.555272262010716666e-02
-7.390177000049842626e-02 7.518880569853565732e-02 6.002335533323367722e-02
-9.357447693002649003e-02 1.012312620258396106e-01 8.176492252892980650e-02
-1.076528349733302803e-01 9.113702691703740033e-02 9.337274918254913347e-02
-8.835565116619255310e-02 7.325382948444099374e-02 2.961948235920688899e-02
-1.043819714912941066e-01 7.895383180818868474e-02 1.010523665443330416e-01
-1.209182143952158839e-01 1.136874403883097878e-01 2.442322068872892216e-01
-7.882547155223479374e-02 9.303427643166831129e-02 1.273002982446230780e-01
-8.010761611234064328e-02 6.733417995809437562e-02 5.180410794409778114e-02
-1.101151873540903714e-01 9.105097707202974844e-02 2.554340014830407402e-01
-1.061524911628349832e-01 8.046174021946587984e-02 1.318113937153971016e-01
-1.117618678678314603e-01 8.877221013626543367e-02 2.052320732831639793e-01
-9.291317304959845202e-02 1.142712252262208378e-01 1.979863750841207859e-01
-1.047962881153499254e-01 1.165462493398817939e-01 2.014941008218883722e-01
-1.063220092668784172e-01 1.121441389216146639e-01 1.829773961284832107e-01
-1.031676216366264887e-01 7.701496708220464948e-02 9.271581284417275415e-02
-1.028964202254998572e-01 8.823624622544978813e-02 2.244262945112053542e-01
-8.701092597246566640e-02 9.620124180475549125e-02 2.107440188630551325e-01
-9.980000056725402136e-02 1.186576602710477657e-01 2.168524009423008769e-01
-7.890284401774250167e-02 7.673875052821084453e-02 9.179814276612092983e-02
-1.146897610201887546e-01 9.337696667694611596e-02 2.269127660332432572e-01
-8.962842220483352440e-02 1.037653343905531600e-01 2.467794727918340425e-01
-7.875752505198040099e-02 9.500035673230275424e-02 1.178754401537526614e-01
-1.105016147957400829e-01 1.073222902067519358e-01 1.673859110786707349e-01
-9.152725839020887932e-02 6.711358938172627686e-02 6.970826976842067757e-02
-8.238623296485009240e-02 9.728691672732260598e-02 6.250044395554521515e-02
-9.654785404290712469e-02 9.857523521735242489e-02 2.733265979065515605e-01
-7.522425473548115249e-02 8.316004411053536105e-02 8.242116250864847671e-02
-8.848367133437974597e-02 1.076824093150112321e-01 2.250397895931153525e-01
-9.360331505837191091e-02 1.051412142433080371e-01 1.092655758078615175e-01
-1.094966929587822546e-01 8.656168810398470748e-02 1.585532342031173436e-01
-1.141704966470863530e-01 1.081753108356468540e-01 1.888634554853297620e-01
-8.158727186984965352e-02 9.934417014312961480e-02 1.369748493840870496e-01
-9.727378339366213322e-02 1.214094927743038649e-01 2.726545205678837513e-01
-8.687153232742739206e-02 1.073150543344274788e-01 1.901126300410533321e-01
-8.053830611601439649e-02 9.067119115745414515e-02 2.870856381842734270e-02
-8.346271207287277172e-02 8.511457683819449727e-02 1.526393221582397486e-01
-8.490711728282401838e-02 9.792298581125932766e-02 1.952916464516442629e-01
-1.112037282261884863e-01 8.821676152972483809e-02 2.108873975446934335e-01
-8.330133727256409937e-02 1.019921174703565109e-01 1.389272629007310689e-01
-8.007489064766638853e-02 8.438762631662470592e-02 1.283393146655701644e-01
-9.978160526554887000e-02 8.274085930112383414e-02 3.663755609904607857e-02
-9.338127769722784355e-02 8.907665714559306891e-02 2.133421246196290921e-01
-1.042484707282125556e-01 9.035082011256566348e-02 7.106459518920593688e-02
-7.596977189817850917e-02 9.040849802338588037e-02 2.942226455822255851e-02
-9.462284697853189097e-02 9.137199766182764471e-02 2.885585362811450214e-02
-1.100619313801806248e-01 8.979582643134043085e-02 1.432835994352105735e-01
-1.061808418222326550e-01 8.081767023544300654e-02 1.628405879866640094e-01
-1.088256234094170105e-01 8.223275086748058071e-02 1.684578739944186110e-01
-1.004684232904356767e-01 7.582788254806913097e-02 1.331833581863592353e-01
-9.531457281190851283e-02 8.065332005675059091e-02 1.730881726913892638e-01
-1.151727645749257706e-01 9.975290835653517763e-02 1.866346633460820859e-01
-1.052276936827037379e-01 1.077413943683368097e-01 2.872109069075188814e-01
-7.829084372177615159e-02 9.350085365691594708e-02 4.952543302267423120e-02
-1.129579082847378402e-01 9.894260602282206607e-02 1.485579566622541869e-01
-9.578934090709212423e-02 9.708964490787046209e-02 2.607146135655318275e-01
-8.225546008943029896e-02 1.007421341320731412e-01 1.533930295232392438e-01
-1.101705759349662084e-01 9.097283076776788158e-02 2.545425698201883580e-01
-1.023124032018666169e-01 8.604318013841584512e-02 2.151179834490037079e-01
-1.218501683038690359e-01 1.123792694803427972e-01 2.757982849109689716e-01
-9.140596127417634220e-02 1.008147244269222420e-01 7.702293865112112836e-02
-1.006402137849860684e-01 8.206700863561132431e-02 4.673682202957760157e-02
-9.359742352215244532e-02 6.801673731627094766e-02 4.126955657871007876e-02
-8.856739998344105580e-02 1.010675321776266372e-01 7.882860016516937685e-02
-1.032548612864426923e-01 7.658098566512781813e-02 1.003487839606295590e-01
-9.836710994357292237e-02 1.058924477398120456e-01 1.199733231584040188e-01
-1.116034515781698239e-01 9.726931113866592316e-02 1.336266400909417729e-01
-1.010569010711557802e-01 9.700655062907312387e-02 7.964819193325554936e-02
-1.042794948577322744e-01 9.464953366989568850e-02 8.255673058998111435e-02
-8.571175379154695462e-02 8.013720064362880868e-02 1.454218660480932346e-01
-1.107113433446511586e-01 1.055590896888002894e-01 1.586290444935786192e-01
-1.050578353134210691e-01 9.671281382204414967e-02 9.561448757113698294e-02
-9.871422558447005835e-02 1.020856274742565073e-01 9.818722809311004884e-02
-8.068035944224902223e-02 8.230526866669392316e-02 1.261725473604908832e-01
-8.987293621372265118e-02 1.113539332149224154e-01 2.313282308512164265e-01
-1.108539602347684422e-01 9.184132402669745177e-02 1.438903465938855541e-01
-1.000300403288886530e-01 8.911130033676048501e-02 2.334877120019639984e-01
-8.670276464507607750e-02 1.023533631900755275e-01 2.170611459956177935e-01
-1.024482997789884359e-01 1.015642219135640401e-01 1.090843027157494538e-01
-7.424547059500311019e-02 9.015487704837588101e-02 3.456475043479922959e-02
-9.731379176446873502e-02 1.038248394283349113e-01 1.035888624079069759e-01
-8.519586304286819178e-02 9.828539782938960911e-02 2.007467853728201190e-01
-9.323782468437850912e-02 6.976740944580689385e-02 3.439170447576014172e-02
-8.746695955420490109e-02 7.878264423627759361e-02 1.412790888080588392e-01
-8.836266572903579697e-02 6.833142286275538380e-02 7.219520368640654218e-02
-8.774298349651470097e-02 6.673309494525535290e-02 3.302761603207927249e-02
-7.253495252711072983e-02 8.444284054360068348e-02 6.012044359387131581e-02
-9.859361438353245188e-02 9.453396228657964806e-02 6.110817478468203584e-02
-1.016221068316559561e-01 8.302675756856967015e-02 5.487651389214100867e-02
-8.855343675506203993e-02 9.258738492155260680e-02 2.099675237478824119e-01
-9.903197362481579169e-02 9.207377198892142955e-02 4.880170447832032909e-02
-1.092760178522579201e-01 9.723191394286827272e-02 1.203913946880887792e-01
-7.919754104439512277e-02 6.691338289985955534e-02 4.760176319825396712e-02
-8.945209419340433010e-02 1.038585388713522545e-01 2.456294947954239249e-01
-8.920613642950883659e-02 1.098068241847467985e-01 2.332437108623996724e-01
-9.820939148733691393e-02 7.609986619076651582e-02 4.251010207289494108e-02
-1.053120370081485763e-01 8.135249107389042056e-02 1.053456046036085475e-01
-8.472982409283091876e-02 9.184713720261364345e-02 1.799468469048713382e-01
-1.014216564422897315e-01 8.010420079348751221e-02 1.727118556065649624e-01
-1.159973281880357365e-01 9.631632699378972484e-02 2.348178292220225449e-01
-9.807758669144137076e-02 7.533168623976041478e-02 1.349928526586083588e-01
-8.668298473084545819e-02 6.518180861283047467e-02 3.732065627962234677e-02
-9.332878611963023319e-02 1.025163899005814561e-01 8.837452159954303776e-02
-9.699985790945837849e-02 9.586645734089500881e-02 2.585189763086135906e-01
-1.156708024066957913e-01 9.344529350050871652e-02 2.421564669777949153e-01
-1.160986571577608956e-01 9.585694473870390309e-02 2.396991203550653537e-01
-8.683389202920323291e-02 1.058554245341972316e-01 2.031920370182022095e-01
-8.802778633752089688e-02 1.024114191163171816e-01 2.308549013979630249e-01
-1.202986143567188471e-01 1.083195324968674045e-01 2.245888238348386912e-01
-9.000687702546036895e-02 1.110343331767555120e-01 2.434741817231007854e-01
-1.102585166165549468e-01 1.064115235938953713e-01 1.604985397340656650e-01
-1.028802739211366057e-01 9.572137121636081769e-02 7.981111673422418284e-02
-9.968194016271225699e-02 1.234599510618869939e-01 2.801317248400017057e-01
-1.000557201058703272e-01 8.294860691970201705e-02 3.888806407270155308e-02
-7.865796819232892534e-02 9.535486913476910742e-02 1.051023030020073329e-01
-7.302453552783833013e-02 8.710083932057643974e-02 5.775254493265114669e-02
-1.115736995679497134e-01 1.230354932524093947e-01 2.581284491715862828e-01
-1.167909000164148309e-01 1.228827481770383423e-01 2.718646721474575756e-01
-7.252515486590055405e-02 8.474042233141125535e-02 5.857964637054126344e-02
-7.136459366737475662e-02 8.405879464115267874e-02 3.716978309059618818e-02
-9.047602992277326006e-02 1.100907645360871961e-01 1.624831486100322409e-01
-8.127080207753219210e-02 8.518649468869031460e-02 2.942268921831585338e-02
-9.277783560914114325e-02 1.148205951300426408e-01 2.690101822978371304e-01
-9.044810602678464428e-02 1.002913327190426557e-01 6.983496167559613554e-02
-1.163150953363072670e-01 1.146746824739555276e-01 2.272163369589032533e-01
-9.002225900622366772e-02 1.045129417748467821e-01 2.509656690236303778e-01
-8.506509934345785062e-02 1.029497544734126191e-01 1.951950972114758487e-01
-8.119691042990855034e-02 8.244095032450175775e-02 1.319878522755543460e-01
-1.137809112584946131e-01 9.397243979267512481e-02 1.982524251007595772e-01
-1.061876976371051162e-01 8.368254902784739990e-02 1.086719873227589978e-01
-1.217992616932186967e-01 1.151839027551486011e-01 2.579833164913362675e-01
-1.075503902141810297e-01 1.084999479292792918e-01 1.663850966518952701e-01
-1.193455583080212518e-01 1.138654084386596099e-01 2.378973935654154492e-01
-8.489690296985506757e-02 1.036151538204801020e-01 1.320677647169347380e-01
-1.182378538498642523e-01 1.006623265386160787e-01 2.513442572579893675e-01
-8.073126385021565932e-02 9.872095623758682381e-02 1.194563088708770066e-01
-9.778403463744191060e-02 1.185643300657519411e-01 2.237260469656230932e-01
-1.153141056342104620e-01 9.638089567160142146e-02 2.163203008238448188e-01
-8.070837387378287930e-02 8.585408043029445213e-02 1.374338659601444523e-01
-1.170597812478106348e-01 1.180552991247123540e-01 2.825785934630871687e-01
-1.128982060946203680e-01 9.749258289512342801e-02 1.498549426160135367e-01
-7.544373059815956406e-02 7.024769201125002915e-02 4.788333946664465046e-02
-1.123328815957543025e-01 1.089020806749209092e-01 1.831400946493657589e-01
-1.099300740117788305e-01 8.893153728441910433e-02 1.473602811339108642e-01
-1.089044398282370540e-01 8.904210893607757138e-02 1.277085027545617479e-01
-8.422229448616300185e-02 1.037235005003011856e-01 1.508370957064961437e-01
-1.043419011402576813e-01 9.181707716872411496e-02 2.534488619853201286e-01
-1.101361507272525381e-01 8.783418431880529731e-02 1.631944349873331035e-01
-1.105567910566553208e-01 1.083256244880308333e-01 1.773605189222781930e-01
-8.403686533171314532e-02 8.086319213070644607e-02 1.397445437763724374e-01
-1.140337657062949622e-01 9.852543095318867794e-02 1.685392772088786795e-01
-8.569071463990024506e-02 9.402747502476060948e-02 1.990497671513405675e-01
-9.377089901212340428e-02 6.943329310790054276e-02 8.251584136269969616e-02
-1.162862611246586186e-01 1.203364863497561887e-01 2.601812244806891994e-01
-8.271467636644599941e-02 9.753310745250826086e-02 1.745138121326186842e-01
-9.734672391366949729e-02 7.169389877265289202e-02 5.782181591948269694e-02
-8.203918446292286781e-02 1.000375338385573187e-01 1.430650603375278607e-01
-9.690790196814276503e-02 1.178465703426705424e-01 2.835049983322713851e-01
-1.099584756925246348e-01 8.462910369096984797e-02 1.861199753831126735e-01
-1.041100495313430768e-01 9.580157055401514188e-02 2.756748809071495887e-01
-8.570104648177370721e-02 1.053974014792904978e-01 1.675366443518228332e-01
-9.019401619276767867e-02 1.052779632249212921e-01 1.160320104852864409e-01
-9.111548688246862149e-02 1.112722054642242969e-01 1.780652141386242504e-01
-1.035510364534646260e-01 8.102007271837889657e-02 1.769779322302582614e-01
-9.104812046563567907e-02 6.592581986141859973e-02 4.552039436981039633e-02
-7.091570587352166721e-02 8.110161318849208600e-02 4.091832571719748041e-02
-1.054537085791262818e-01 8.766591353116096053e-02 2.301838474691935144e-01
-9.204253481297722250e-02 9.814799509016856882e-02 5.888833130708008567e-02
-9.477230869631299293e-02 9.866864482463551245e-02 6.932418460295645957e-02
-1.080815707467785020e-01 8.516704651417240923e-02 1.387114457719885452e-01
-8.891404261370443318e-02 6.513237131505521249e-02 4.652254380261961614e-02
-1.140726261238043659e-01 1.106094336467804834e-01 1.989340713521129678e-01
-8.466830155859003670e-02 1.027252734424274061e-01 1.199966221842183323e-01
-8.729573615055238878e-02 7.154100115432845963e-02 9.148793149825519555e-02
-8.545519464237998075e-02 9.528842080419368255e-02 3.339363285823240823e-02
-1.106877055973987944e-01 8.842727010777674812e-02 1.711233395450310613e-01
-9.408165406439969458e-02 1.161827415512291378e-01 2.796492071368122945e-01
-8.923560161692245529e-02 1.104165862113807711e-01 2.221831802016233648e-01
-9.189587414104218033e-02 1.045578056926992766e-01 1.028914733906198115e-01
-9.255765607046852195e-02 9.356322692145850606e-02 4.361539258127558605e-02
-9.760715673739132903e-02 1.058822559794528745e-01 1.171825742553947169e-01
-8.830851556573043881e-02 1.035950025962991683e-01 2.328960951009060310e-01
-1.007000818422275207e-01 1.066594778444848318e-01 1.336159367903355377e-01
-9.701455708734905981e-02 8.292883997387628936e-02 1.893021286222171251e-01
-9.583000819333040154e-02 7.178532773646954801e-02 3.824437392478038239e-02
-9.645211301182944619e-02 9.854996783579762776e-02 2.719021052287866613e-01
-9.033581667049264685e-02 1.003771147610870995e-01 7.117785467179374437e-02
-8.720692475720018266e-02 9.965004929826459801e-02 6.673159374177950465e-02
-7.893676368518186270e-02 8.752334723404939232e-02 1.242574512804847098e-01
-1.001437559867641020e-01 7.302982219771628203e-02 1.072699483180073604e-01
-8.947213450878863106e-02 7.388667921919712944e-02 1.200659950590823172e-01
-1.132128664301144672e-01 9.678058119860624697e-02 1.579802981217822144e-01
-7.068658488772870674e-02 7.932415708064757820e-02 4.022619220200319284e-02
-9.725378736461069706e-02 9.405182271414586070e-02 2.502543822229839621e-01
-9.454694541333705238e-02 9.905660441169163166e-02 7.105192582946408264e-02
-1.073928133936436491e-01 1.120734443188486085e-01 1.872289955576071918e-01
-8.768924069923904330e-02 7.352474889414577219e-02 1.077601252644498492e-01
-1.168403020273564852e-01 1.023737487150745556e-01 2.706231409818377065e-01
-9.980881238361376251e-02 8.232904260051883416e-02 3.746990902800276940e-02
-1.076777709005716788e-01 8.828804329290815267e-02 1.079393195105088354e-01
-1.094062780782658478e-01 8.448135039021949233e-02 1.700913599666637743e-01
-1.124248719696166465e-01 9.178531234754355728e-02 1.845346181741090996e-01
-8.671323382298384841e-02 1.054034079187042144e-01 2.028819938235793541e-01
-1.179752939585964749e-01 1.065672240157831130e-01 2.116510267244717525e-01
-8.808986360652444614e-02 1.084732502211988997e-01 2.178104243767444714e-01
-8.027511612211263303e-02 7.237679080170311696e-02 7.316584855307847746e-02
-7.187779607063997378e-02 8.634615161879316547e-02 3.735413290623119942e-02
-8.400421131657415108e-02 7.602182857105990732e-02 2.433677102711285373e-02
-1.123496951318666004e-01 9.029157127915923842e-02 1.940444048237352226e-01
-7.655848702915640791e-02 9.277686466731051296e-02 8.473001203384979141e-02
-7.706116296194290283e-02 8.107812686292775739e-02 9.603055601609400416e-02
-1.046302027001079077e-01 8.032327059888906551e-02 9.491981670241610158e-02
-8.239784888056968237e-02 7.514107873768986756e-02 3.057675138010632412e-02
-1.044817011945275015e-01 8.421772131432386788e-02 2.027365439333043140e-01
-9.465822241891753974e-02 7.624987709117168888e-02 1.401263191062682711e-01
-8.938782480840896938e-02 9.413080886643113154e-02 3.139873850827819279e-02
-7.709571985317834053e-02 6.901949570748361351e-02 4.955955366493805525e-02
-8.460960815624322950e-02 1.000312352519696218e-01 1.938148966579823218e-01
-1.132545101150711636e-01 9.162783482192370099e-02 2.130723233145793150e-01
-1.036242967805810627e-01 9.462425692026851798e-02 7.916219122550596787e-02
-7.113760262917943888e-02 8.108708542664906649e-02 4.511039392637571782e-02
-8.801170297574263668e-02 7.844553839451093302e-02 1.392439973343953807e-01
-8.854802509263540178e-02 1.039869551378639762e-01 2.350217711855088765e-01
-9.036086128663310679e-02 1.015638262041860945e-01 2.480626729299975908e-01
-1.015795526889475553e-01 1.216276712207469829e-01 2.428237614190459359e-01
-8.844487692040503557e-02 9.759608136929695532e-02 2.260084061826742596e-01
-8.798179287835630746e-02 1.046025752240907630e-01 2.292125483684967213e-01
-1.163745562735767347e-01 1.129650594219722831e-01 2.196558338308179648e-01
-7.804412914861709460e-02 9.372678764093765602e-02 5.566476806731309596e-02
-1.029020755344248750e-01 7.687819990587303753e-02 8.845958176689214247e-02
-1.100351296127700662e-01 1.108410784793720100e-01 1.922640064120643422e-01
-1.012440240518357737e-01 7.469601072823631172e-02 1.157293428653991263e-01
-9.589095998270284749e-02 6.881675147102736534e-02 6.316791907376544113e-02
-1.024761772262300780e-01 9.749062543937964120e-02 8.877377581938630802e-02
-1.085767885116137726e-01 8.646672437442877446e-02 1.399162994748465449e-01
-1.001483001713838611e-01 9.944185872474732568e-02 9.036077114261231724e-02
-9.346220335061838913e-02 7.439749862657139834e-02 1.273300560457969466e-01
-1.111348836008820840e-01 8.850678178373878879e-02 1.804490849357002769e-01
-1.130182829000852263e-01 1.084012761110279555e-01 1.803914965179417851e-01
-8.481087531939313084e-02 7.453972263656095942e-02 2.208513499667748986e-02
-9.549675039683840072e-02 9.727584929740012987e-02 2.605774483733370173e-01
-8.143260523966769360e-02 6.525270902276765483e-02 4.504472173063835128e-02
-9.606478603492954460e-02 7.197905512692642782e-02 3.873701230891719860e-02
-8.148205401778516044e-02 9.837820956132489747e-02 1.560712586431656224e-01
-8.627600211448778478e-02 6.601871916888743530e-02 5.521315695582239974e-02
-1.147879236833481004e-01 1.078159418047229118e-01 1.906154394697521792e-01
-8.863901071345178795e-02 1.063592126252375092e-01 2.369204412543045590e-01
-1.029004202903188031e-01 7.774847422029121380e-02 1.476806676518239159e-01
-1.091538722438911146e-01 8.804671485752757487e-02 1.390336915575063059e-01
-1.012871818302387844e-01 8.015211036322875127e-02 1.731276378143515038e-01
-9.591068340895851640e-02 1.196922924292467827e-01 2.586057034910369534e-01
-8.791087788953368121e-02 8.094163802357087767e-02 1.562001662847330996e-01
-8.693266451086030522e-02 9.908882642790423079e-02 2.151974147366530477e-01
-1.219881153398454932e-01 1.117695482006985513e-01 2.681514591207774245e-01
-8.115979116185481623e-02 9.691338525206141807e-02 6.952663229462792416e-02
-1.043041260344349935e-01 9.098323303983157917e-02 7.315734134126256061e-02
-8.906042416685991392e-02 1.059387490511984192e-01 2.452389824375705296e-01
-1.180474912581329222e-01 1.034951962116499313e-01 2.662296115419198195e-01
-9.711551831318976369e-02 7.059134848880770086e-02 9.026658400306246388e-02
-1.219967217322770747e-01 1.168538543418446984e-01 2.693504575839962834e-01
-7.429295598435760317e-02 7.261895062781945076e-02 5.118101074345728085e-02
-1.067807741090389256e-01 8.155264161916014887e-02 1.371923326019321709e-01
-1.034980815244611468e-01 9.259432622914263999e-02 2.570544367265864549e-01
-1.107268395210712908e-01 9.761600714350285313e-02 1.285616932237748089e-01
-9.703354540250117011e-02 7.136695833497527786e-02 5.516502667547054650e-02
-8.291425030798951767e-02 6.813852900635194998e-02 6.021910848110246378e-02
-8.845846911955014547e-02 1.075585657265283324e-01 2.259733425275490537e-01
-8.479373450390791100e-02 7.210313821198800766e-02 8.441367249316383825e-02
-1.039040385310537051e-01 9.123975239804950343e-02 7.138231297649627605e-02
-8.486888186089167063e-02 9.557990643736043179e-02 4.140901637396858515e-02
-8.347088772859817540e-02 1.010302948151786673e-01 1.072651339475066828e-01
-9.960233824040441719e-02 7.252948652781475436e-02 1.023350363054311429e-01
-7.578030056116535906e-02 8.991303483671268804e-02 9.352652640701551723e-02
-1.018078311112975420e-01 9.328003544437393768e-02 6.766099934766650614e-02
-9.947313597978783839e-02 1.000034689588508718e-01 9.060665062085757060e-02
-7.720109790574911091e-02 8.851639961142154789e-02 1.082057985003252454e-01
-7.573307330922271485e-02 9.155547141896426544e-02 8.086269789384339934e-02
-9.930420334194230148e-02 9.548704582156392062e-02 2.626022013024959523e-01
-8.596245414484300629e-02 1.053314320643998908e-01 1.884218888162333683e-01
-9.049599902978519572e-02 6.554290542792269580e-02 4.789947225221574678e-02
-9.007512084440523481e-02 1.046768504393838645e-01 1.083685585100623017e-01
-1.019041921958363656e-01 1.149766360605209287e-01 1.860345369955232198e-01
-7.595275621651749465e-02 8.970730876572842460e-02 9.573678034184932018e-02
-8.539070465233106200e-02 9.543466014127421904e-02 2.021589948504168288e-01
-9.529279874679814910e-02 9.380022829559894748e-02 4.790908169315716281e-02
-1.087748329879185266e-01 1.088178015142483857e-01 1.774620575343178464e-01
-1.116555450379057429e-01 1.194947606322802752e-01 2.364350439945176463e-01
-9.070882275780041415e-02 9.793110213908697015e-02 2.405576887796443408e-01
-9.811946943584823333e-02 1.136895064732512950e-01 1.745689702704882884e-01
-1.211949424164685263e-01 1.097320394337561039e-01 2.468812103736851005e-01
-8.938836856389810459e-02 1.109531255987571546e-01 2.227996247645931405e-01
-9.945149183198435938e-02 1.126896524027278523e-01 2.868493681752429803e-01
-9.207061677608258110e-02 6.878372805992756522e-02 7.909449584131128530e-02
-1.038033599806132828e-01 8.806107767944827691e-02 2.257840994162316206e-01
-1.109022930942453744e-01 9.891208653443873955e-02 1.341958004691399808e-01
-8.848207854299910968e-02 1.083037791083450024e-01 2.207897255443373175e-01
-1.165194059488911943e-01 1.177795040091522416e-01 2.444508756120871706e-01
-8.817230428448966095e-02 1.026695366852517916e-01 9.815062438563199043e-02
-1.019104269080981923e-01 9.789429652100641033e-02 8.879534369456536236e-02
-9.512409608812399942e-02 1.185034075089028832e-01 2.471987214393195353e-01
-1.146392893698073706e-01 1.078351885940593696e-01 1.900040203021562957e-01
-8.755228861615593772e-02 9.260657886863968291e-02 2.057712202456467576e-01
-1.042815212322130841e-01 1.236381780856715823e-01 2.827852524841084070e-01
-8.739937098294831008e-02 1.044939413223148483e-01 1.182669678031086219e-01
-9.060216097441071981e-02 7.279990150205195576e-02 1.088306673169903566e-01
-1.011117640024916664e-01 1.213194194764057043e-01 2.378683347253049418e-01
-1.176947577162442554e-01 1.049477640048382815e-01 2.111510405856205363e-01
-9.121474111012251029e-02 8.083897160788784675e-02 1.655942319203139168e-01
-7.107883578116222512e-02 8.048679732629698824e-02 4.579275891690520045e-02
-1.125039908795898436e-01 1.071748237999079756e-01 2.867286570493022269e-01
-9.247160267763862573e-02 1.050956021854628775e-01 1.104599147675842663e-01
-1.122835779140205908e-01 8.937724444557544612e-02 2.128029916963636026e-01
-1.058463233741007148e-01 1.100869010584389768e-01 1.747467033071785081e-01
-8.398267587880502150e-02 8.427277997006978050e-02 2.930158248917563713e-02
-8.643410222354022676e-02 1.070249746814010000e-01 1.790284853376277185e-01
-1.033539961269864665e-01 1.159892580578592569e-01 1.960754521868645350e-01
-1.072695450101810860e-01 8.400642389337399651e-02 1.299506243381495785e-01
-9.531153890078906954e-02 9.117389955823911041e-02 3.554145014310919337e-02
-7.732216596591291735e-02 9.036646005957015004e-02 1.114700305584734319e-01
-1.040339483833025852e-01 9.161034433173446956e-02 7.297801026889003118e-02
-1.083039827781149683e-01 8.223286098607503203e-02 1.749759406968484365e-01
-7.055190515697412623e-02 7.985912005008881376e-02 3.696758994504554391e-02
-1.145953575463826285e-01 9.353310854829999244e-02 2.230352971277908269e-01
-1.083256099663605782e-01 8.929975745084986483e-02 1.151156896856450063e-01
-9.344374017155562817e-02 9.371934285684330179e-02 4.519318801222692306e-02
-1.158897915512835247e-01 9.852247189265259109e-02 2.121930699674380028e-01
-7.724541658990112525e-02 8.909110462138165876e-02 1.072823286672353604e-01
-8.938492123946720214e-02 7.784725171392845033e-02 1.381853416013397451e-01
-1.166156019311103270e-01 1.143600520114597813e-01 2.269814733355855763e-01
-7.680088508277863046e-02 6.989766729531619871e-02 5.216825307535920969e-02
-8.993984189923849570e-02 1.041152103516788940e-01 2.495995606716765736e-01
-1.221535377175516496e-01 1.134857966618806474e-01 2.575444655155218476e-01
-1.132834457116043414e-01 1.066627628739377776e-01 1.761879593369412300e-01
-8.108316499207382511e-02 9.189156166229586753e-02 1.573920340897694004e-01
-1.042990748205522289e-01 9.425798772156777916e-02 8.135217750567490247e-02
-1.009766554262360033e-01 1.244141146635041606e-01 2.703946230932516293e-01
-9.529061863047180725e-02 7.131050163974238243e-02 1.019766846302163771e-01
-1.146308725688868074e-01 9.346245642660327979e-02 2.246009422706854719e-01
-9.495087569414233097e-02 7.712093599653438436e-02 1.476051515879543141e-01
-9.527025093933173816e-02 9.020587351281636468e-02 2.248492932541897860e-01
-1.007814968314065945e-01 9.173955325712018771e-02 2.445225115488149914e-01
-1.103979352565400834e-01 9.885628480687071173e-02 1.316355743551449464e-01
-9.541270565743582843e-02 1.192938343212250479e-01 2.750830401185179741e-01
-9.893273073672780027e-02 7.559368592687699950e-02 1.352515062686700797e-01
-9.621145617925366822e-02 1.202687262490916703e-01 2.608436147271744887e-01
-1.150692963560866894e-01 9.455248719231268417e-02 2.615077947328265373e-01
-7.854034115292493623e-02 9.492426051825282596e-02 1.079323543536698654e-01
-9.146664137688073626e-02 9.784476551130399935e-02 2.470582672823181392e-01
-1.085785447514766994e-01 1.213251839057867265e-01 2.371796989770935116e-01
-1.046995458074746616e-01 1.245038021609193024e-01 2.559021109693140339e-01
-1.099477472525204613e-01 8.903366480224961244e-02 1.469232742470952535e-01
-9.903018242102253066e-02 1.184193518730669303e-01 2.145519268147196568e-01
-1.171315425493436729e-01 1.166792511673340610e-01 2.834231371775707831e-01
-8.718014801668108604e-02 9.093883501092149546e-02 1.970093880139112130e-01
-8.686843433935417802e-02 1.067172647802374225e-01 1.585280314387696454e-01
-8.471150438307381569e-02 1.016414739901158049e-01 1.041906661222671143e-01
-1.011547129230412900e-01 8.902591348596121390e-02 4.777137325409393231e-02
-9.846687620993752055e-02 7.375663760083489562e-02 1.223284635964473066e-01
-1.120693374908704604e-01 9.360673099716895762e-02 2.669740207264369447e-01
-9.379706229078252355e-02 1.137248283170940039e-01 1.855420707740116082e-01
-7.098547407481763105e-02 8.212986949232978229e-02 3.812625812535740816e-02
-9.115173905269985388e-02 1.031249161038528678e-01 9.112890366134711317e-02
-1.086478194255848934e-01 8.509651568894578688e-02 1.507217499071271949e-01
-9.726046100939139682e-02 8.985491311571289219e-02 2.294452499369525611e-01
-8.508601902553968033e-02 7.968426215229075515e-02 1.909053426148859742e-02
-1.109581140126443544e-01 8.790597426884494414e-02 2.132095782650885729e-01
-8.869854151579231738e-02 1.012567715642208321e-01 8.052326963629198586e-02
-9.739523734742806804e-02 7.056204211725244924e-02 7.918680215487859664e-02
-9.366652199030502113e-02 1.084135276598969105e-01 1.347025507975234127e-01
-1.086896419737162223e-01 1.171895948073571753e-01 2.177631211452981941e-01
-9.493166775391363721e-02 6.875382424080819788e-02 7.295610332164018108e-02
-9.165882822187680634e-02 1.067766420599289418e-01 2.684150842823059269e-01
-1.160704114947516269e-01 9.876956947215710658e-02 2.147117359749608767e-01
-1.149951692071497222e-01 1.028196231385367088e-01 1.788706923397124227e-01
-9.207894038638601841e-02 1.121733056975365711e-01 1.832561877678139939e-01
-1.059983245649752243e-01 1.245774483241647163e-01 2.546704068613279692e-01
-8.987741182509718929e-02 7.306501628895949174e-02 1.096873492060424365e-01
-1.020210406386446167e-01 1.066353949982781490e-01 1.368836170191117252e-01
-8.411338059759981833e-02 9.371797190365833974e-02 2.942758604239730652e-02
-9.583995167591989606e-02 9.492638433285796595e-02 5.445359332670337421e-02
-1.102810911798391413e-01 8.832542350872282788e-02 2.310486416974694701e-01
-1.088360606419537940e-01 9.427677262705529138e-02 1.090439395539996165e-01
-1.140817040516980546e-01 1.192961100372183919e-01 2.459876440326530245e-01
-8.453420776109335510e-02 9.712899948859665678e-02 5.277107242878252558e-02
-1.025888932854967517e-01 8.847501854517218767e-02 2.271803673904418952e-01
-7.819464558007671595e-02 9.401605234966751989e-02 5.853802733737395458e-02
-1.035410582265711421e-01 8.016918397487425574e-02 1.661481002745875957e-01
-8.516094699635276544e-02 9.971266512114611291e-02 1.983672413438758719e-01
-8.467786632618952425e-02 1.022935250551287034e-01 1.854514243107611149e-01
-1.185119695530526124e-01 1.055347813290695713e-01 2.147082979491166388e-01
-9.214737452445803667e-02 1.013595127071009461e-01 2.631589362473096827e-01
-1.029000029670795735e-01 1.115350604349195501e-01 1.639981047770553146e-01
-7.598726238826494783e-02 7.128524193413220134e-02 5.513101265507276000e-02
-1.083999814711735094e-01 1.113987941050789132e-01 2.866494277681749248e-01
-1.069046310174133485e-01 8.948717287807089749e-02 9.096414014195404463e-02
-8.620716606774085633e-02 1.026174783941045943e-01 2.091260864307992740e-01
-9.612304989799624888e-02 7.058165865295132346e-02 9.369560914209235092e-02
-9.042004498923873756e-02 1.124181112691337719e-01 2.196516964364270408e-01
-8.895292069255207601e-02 1.074363575292946876e-01 1.419841075104366634e-01
-9.316405277695465059e-02 1.042364393168464520e-01 1.003579976627772680e-01
-9.669150601491066643e-02 1.142038857603295821e-01 1.808632260105780265e-01
-9.188873736765727773e-02 7.976258731438681804e-02 1.624761303856709915e-01
-9.039558111365095239e-02 1.113150322178336621e-01 2.503722239841921215e-01
-9.256767699033767449e-02 1.153062545836220781e-01 2.446586563484958732e-01
-1.037664370356505411e-01 1.255612115912048965e-01 2.794061474894686814e-01
-1.210668514046830818e-01 1.098504031116592505e-01 2.741133242625694577e-01
-1.031255639139143226e-01 7.888645551914004461e-02 7.833328881984674696e-02
-1.079232350856441924e-01 8.731168168075964520e-02 1.205686781516950579e-01
-9.648365558904521688e-02 1.074309783365850063e-01 2.856673099614890909e-01
-9.974907600179122591e-02 1.149373938695169295e-01 1.828516802116613715e-01
-9.790909518151902358e-02 1.208726640416290521e-01 2.554444856763979921e-01
-9.029523444314246916e-02 1.047915029413022392e-01 2.563860702031374172e-01
-9.630989681303414596e-02 7.560702084437273540e-02 1.386189812073046479e-01
-8.775110302886982017e-02 8.418042444984745465e-02 2.789039814628483868e-02
-1.044956657385001375e-01 8.163882560497293106e-02 1.794879629633955864e-01
-8.619949808601327923e-02 1.066999669049694122e-01 1.767785044942084549e-01
-1.096723841418378587e-01 1.015505877219094188e-01 1.378636821872713525e-01
-1.030866504973774189e-01 8.411008681264911524e-02 2.048404433601129226e-01
-9.878984664750879718e-02 7.803772883676385330e-02 3.939536368455536647e-02
-1.077396281746276496e-01 8.307901736187760233e-02 1.856230626498711345e-01
-9.570051898067208351e-02 6.889702925801655109e-02 5.507587099953779181e-02
-1.006451298788997861e-01 9.618896815363398023e-02 7.579099911614077534e-02
-1.021052066553293780e-01 9.327785583474802744e-02 6.883795617734178585e-02
-9.905407991411938062e-02 1.205965799040902703e-01 2.419763730389316581e-01
-1.058598057118063096e-01 1.008171877390251076e-01 1.160048399941913805e-01
-9.520916784485798645e-02 9.674453970146572324e-02 6.066238602578157002e-02
-1.100779168504937150e-01 8.659220846461371246e-02 1.713267477314784348e-01
-1.026821831713952277e-01 9.199422009489192920e-02 6.800559355257176919e-02
-9.033875423405157701e-02 1.020553053651172409e-01 2.491365808147232019e-01
-1.065874066445230556e-01 1.224489814234486634e-01 2.419855786465993641e-01
-1.098128839991424216e-01 8.725790665411460589e-02 2.141355285570364086e-01
-1.018897264485881665e-01 1.183234733322354737e-01 2.854915714392012860e-01
-1.075408531163194181e-01 9.990169607337892610e-02 1.191878484651950620e-01
-8.827026442921263871e-02 1.083409840939746072e-01 2.191289708926087432e-01
-1.028968077656926133e-01 7.941197486241105552e-02 1.581160203854223845e-01
-1.145405484763182824e-01 9.148063026649953799e-02 2.364012146235820733e-01
-1.114236882390093331e-01 1.122860990135600701e-01 2.031905905060797657e-01
-1.091028697744714088e-01 1.045184597392497527e-01 1.474550372432894552e-01
-9.804023494734961930e-02 1.126117928570084803e-01 1.669390265752944691e-01
-1.004003753214159633e-01 7.567971349701647921e-02 1.324532097090511396e-01
-1.138368490939961203e-01 9.898895005396933511e-02 1.618741618428782003e-01
-1.178754810145291321e-01 1.008308716440153990e-01 2.589726013474847877e-01
-8.971330297224491823e-02 8.378709989263118108e-02 1.765864712957780358e-01
-9.156595704534783997e-02 1.053371091935635662e-01 2.668900104639351234e-01
-1.073207246222367128e-01 1.184857855409938848e-01 2.198656623691740419e-01
-9.625069755454560005e-02 8.014185362544501423e-02 2.891022112541757200e-02
-1.118986260347313716e-01 9.624275562667494732e-02 1.369184953811340699e-01
-1.069895489710262076e-01 9.386893361025229476e-02 9.639591434531562253e-02
-1.148708430749827980e-01 1.152725258757968108e-01 2.244232218941014101e-01
-7.968386528304677308e-02 9.425974531931992362e-02 1.314076974388118380e-01
-9.734005031758928561e-02 1.065846974085183779e-01 1.227389411597717833e-01
-7.506610431585609977e-02 7.332237354503007287e-02 5.956712629185119401e-02
-1.054591294160156928e-01 8.228781013705042946e-02 1.004756588078863089e-01
-1.203957321239800954e-01 1.076487061901883063e-01 2.718696667828979230e-01
-8.978993247418133594e-02 9.408113396765863112e-02 3.739245782561351900e-02
-1.090438920646453203e-01 8.343810997681144759e-02 1.656384282389822826e-01
-1.057184664187442308e-01 9.710841240620451953e-02 1.009693819450287883e-01
-7.506332274220303691e-02 7.700474461409073657e-02 7.516053983569764840e-02
-9.687965421943649236e-02 8.213019934118705179e-02 1.809302421230652713e-01
-1.114184813995460349e-01 1.053214043756453555e-01 1.615857165589660027e-01
-1.048369625303001568e-01 8.094798105832318180e-02 9.496127146154849374e-02
-8.329652444948180967e-02 9.398294729762886324e-02 3.012651895113924519e-02
-8.495549383313151515e-02 9.883547366925651834e-02 6.523349552387990025e-02
-1.154906455192855619e-01 1.011159209819865318e-01 2.755038579939395604e-01
-1.136631174375467429e-01 9.360618004845351614e-02 2.052672995965880709e-01
-9.089327311873843240e-02 1.096006654357552929e-01 2.561961538816299733e-01
-8.749892474929218955e-02 1.011726693076689249e-01 2.226958198945455936e-01
-9.424836442551234872e-02 1.178298244480299600e-01 2.635327372223297826e-01
-1.010425694483736009e-01 1.150607019796128783e-01 1.853867998084088586e-01
-1.035968224098490209e-01 8.584006534316493409e-02 6.673358676821364299e-02
-9.197842347327282730e-02 1.086330854784023497e-01 2.731150854109696269e-01
-9.366550372143879477e-02 7.582842189993586890e-02 1.339445123845900976e-01
-9.791474139928729725e-02 8.966731716038864319e-02 2.249417686171621966e-01
-1.071527341993547822e-01 9.869663040850971958e-02 1.130052791571469623e-01
-1.140167134621487693e-01 9.973809795037434645e-02 1.626605200439791843e-01
-1.023217849327764245e-01 8.854671340293557291e-02 2.277527635951125951e-01
-9.899504907384927554e-02 7.839616455037529130e-02 4.092024534844903444e-02
-7.381186220286931055e-02 7.515235619847612791e-02 5.874940965126237286e-02
-9.432152472810960420e-02 8.894719391164443434e-02 2.140744287357187470e-01
-1.189280255822288829e-01 1.133010918168328995e-01 2.330071739846115708e-01
-8.112519770628558169e-02 9.493131813551698717e-02 1.489615392329765586e-01
-1.113371675069199235e-01 9.220481725675709617e-02 1.523617008385978744e-01
-9.374482708123819952e-02 9.914916527937805979e-02 6.834176782337056388e-02
-8.265994940676972547e-02 8.232539849672283749e-02 2.967321201555513099e-02
-1.060337307079969316e-01 7.994652241084128363e-02 1.524802502994761499e-01
-1.116524944190295243e-01 8.850233763554236910e-02 2.002003049931820877e-01
-7.820213025962921560e-02 9.413001021345925035e-02 1.144747238505240544e-01
-1.091604300200699623e-01 1.022728594969278121e-01 1.368453623994377311e-01
-7.965917925451168613e-02 9.757311469481744215e-02 1.120398457585950330e-01
-9.041169117994678206e-02 1.074275119059631411e-01 1.358758834310430652e-01
-8.592215626334079315e-02 1.043889343372728234e-01 1.300799327240170500e-01
-1.107799178640252458e-01 8.792825627582515069e-02 1.769031845639180978e-01
-7.791445269197144752e-02 9.495103228515384963e-02 8.204745789307327231e-02
-1.011963987088166511e-01 1.125219085989698081e-01 1.676429592613175035e-01
-1.112156703306618755e-01 1.177281177333700801e-01 2.253574515570011538e-01
-1.099065925453844433e-01 8.779166754290070041e-02 2.273000214280925801e-01
-1.182377381661564170e-01 1.109600235632424159e-01 2.211329810808150831e-01
-1.041910802148393461e-01 1.034098333522263935e-01 2.875285290043567143e-01
-1.112613341398530631e-01 9.498329251963315289e-02 2.719814711270769347e-01
-1.065859757617221848e-01 8.583239945518089664e-02 2.136571171485719678e-01
-1.158899070474904563e-01 1.057896491511150783e-01 1.993853267743714852e-01
-1.132262647651815918e-01 9.197770636193024207e-02 2.103662876817957716e-01
-9.224766591026885287e-02 1.079972304499250690e-01 1.344242176381000853e-01
-1.214989305031226041e-01 1.112248824815251502e-01 2.744060003282828286e-01
-1.103728296257818070e-01 9.393344973892377159e-02 1.223542007189322156e-01
-1.059494248639354236e-01 8.279330189321489064e-02 1.103141769231614500e-01
-1.065322194138997591e-01 8.260328957429620422e-02 1.244168126447133538e-01
-1.049718598670865283e-01 8.259468722282389819e-02 8.780496378549433600e-02
-1.122652391102071240e-01 1.042614666379651084e-01 1.627591576035605225e-01
-1.064111791444030675e-01 8.078302317388125209e-02 1.364074300019030295e-01
-9.887267577467996615e-02 1.222427328204473002e-01 2.814742055045968416e-01
-1.092853612430387533e-01 8.695191756878992151e-02 2.146544100801952293e-01
-9.303861475317221075e-02 6.691550824315947721e-02 6.317984340912431718e-02
-1.066589831254085990e-01 1.154806446849367674e-01 2.864773027548803142e-01
-7.090430424802898757e-02 8.226501841761697797e-02 3.191050091994084709e-02
-8.254515023675690344e-02 1.001698999156788034e-01 1.026346552800461720e-01
-9.671174451295888597e-02 1.062306403756222845e-01 1.174185468425899131e-01
