1.154894862550738671e-01 -1.144572110180106794e-01 2.201566758837936455e-01
9.688252684499951140e-02 -1.207808084213623373e-01 9.577968479015602776e-02
9.329986151279957840e-02 -9.103900223299228600e-02 8.825675638281944846e-02
8.401186872269272854e-02 -1.218429823548753121e-01 1.567676579342638654e-01
7.607426870344437264e-02 -1.083801820351711631e-01 1.110527287496889809e-01
1.067345241467146100e-01 -1.045450020775445382e-01 1.158647154049842615e-01
9.254997678979649811e-02 -1.268917519499890845e-01 1.692882189970123796e-01
1.164558889622936272e-01 -1.152552641628839109e-01 2.319096937981261208e-01
8.188171987838335775e-02 -9.860610429918308106e-02 1.552912802195952346e-01
9.345398115290128038e-02 -9.899972674893012248e-02 2.326901963820271479e-01
1.159202812104549868e-01 -1.261734148223731256e-01 2.725172437102830747e-01
9.653380868908591206e-02 -1.257677862541374258e-01 1.511626555351931467e-01
9.439209752351505889e-02 -1.142999682771707465e-01 2.698320585631316243e-02
9.957837274000502781e-02 -1.184369684344534907e-01 9.168005525981429149e-02
8.019406027104623857e-02 -1.198207440848390315e-01 6.505696956055810609e-02
1.145095130679521650e-01 -1.128238929258622153e-01 2.847341986884971421e-01
7.777340325300274859e-02 -1.141429973195971087e-01 1.083132056467739773e-01
9.212986641055077863e-02 -1.205196097630927554e-01 2.625149015751101489e-01
7.944399927615834744e-02 -1.049282655980070811e-01 1.712244674657516230e-01
1.149166756454301774e-01 -1.200687265842425577e-01 2.265154220656970252e-01
1.087417316364580749e-01 -1.192995942737183207e-01 1.659481601493017766e-01
7.887941248819729800e-02 -9.559398975287755618e-02 1.051440309061642264e-01
1.098571137238715939e-01 -1.119880922861016537e-01 1.480134965554938675e-01
9.949133707508854563e-02 -9.451507055436701721e-02 9.220986607981404570e-02
8.630316071283845869e-02 -1.242670806123828409e-01 1.393781719608459813e-01
8.846995704915550096e-02 -1.257387942260162206e-01 1.884442143803012892e-01
1.024325410521670504e-01 -1.160214396783635638e-01 9.472733513567754837e-02
8.886567308431600476e-02 -1.230083610354738149e-01 2.241633270901757791e-01
7.836490737482874891e-02 -1.007029193186635557e-01 1.389821305270392826e-01
1.118317604358210621e-01 -1.135285163861606827e-01 1.774259467525248213e-01
7.826183500983165120e-02 -1.010949499250175798e-01 1.414838422311114063e-01
8.349357799410785097e-02 -1.068484482134973296e-01 2.235637138413142377e-01
8.557026880589756190e-02 -9.172229370506851387e-02 1.087438269730555129e-01
1.075215023149494881e-01 -1.012671929357408102e-01 1.520588920085703677e-01
7.758579667407149161e-02 -1.071774620392905025e-01 1.463277984627480155e-01
9.381894810604629598e-02 -9.239530057062754487e-02 1.384328885443525670e-01
9.266204020841209421e-02 -1.200862385566882212e-01 7.985060675313941647e-02
7.372856537495454943e-02 -9.202481984536842186e-02 3.231842255819186022e-02
8.265523240896052726e-02 -1.007391886143339521e-01 1.803345614605247893e-01
9.904553039328717334e-02 -1.243900725753797482e-01 1.463685549216066639e-01
1.154985182564881169e-01 -1.241651412754495171e-01 2.588880119986537443e-01
9.126474985231991521e-02 -9.101776239600226082e-02 1.087686036786694177e-01
1.146966745995594145e-01 -1.038292540651732654e-01 2.610685888619347916e-01
1.156232373672132774e-01 -1.228676410338050556e-01 2.824737745162141378e-01
1.027725496251273296e-01 -1.228581956965064809e-01 1.462414434956475495e-01
9.731181005460409761e-02 -1.281309726574471619e-01 2.694416179056042249e-01
1.003222915917299923e-01 -9.494476701614078251e-02 1.151586451177597781e-01
1.018794874012270840e-01 -1.080307333373904527e-01 2.866677149360655763e-01
1.032508200045637314e-01 -1.042921988366513342e-01 6.629289568515045472e-02
8.378185405442396816e-02 -1.229896817588636143e-01 1.082633602583966403e-01
9.307311991211821012e-02 -9.094116404212217175e-02 8.658796644290353561e-02
1.002355583058565230e-01 -1.012366166337955592e-01 3.898092146695632254e-02
1.132633385366807882e-01 -1.066901673025703184e-01 2.039829371145161219e-01
9.974983917720621485e-02 -9.788287897889487443e-02 4.375333313056709722e-02
1.166491404882956245e-01 -1.107822959111518513e-01 2.347767898049110680e-01
1.011196754737789805e-01 -9.730772841217960600e-02 2.543117293787461874e-01
7.346285225127836827e-02 -1.077924386957687525e-01 4.182055058630421845e-02
9.669969233201192171e-02 -1.170001331939737321e-01 6.946241502457697892e-02
8.402310787718197949e-02 -1.015360094930633506e-01 1.946572812596691904e-01
8.310785036224338507e-02 -9.670542098306912637e-02 1.411514168869523189e-01
8.070472521058628945e-02 -9.592942955034546026e-02 1.225721088563824779e-01
7.391258114247954703e-02 -9.333524490029151965e-02 4.475809532850220235e-02
8.922891737388033429e-02 -1.040948834864744293e-01 2.565831714182965628e-01
1.053147730039105806e-01 -1.265616381818485403e-01 2.210614504066952535e-01
1.056993098295519740e-01 -9.790772506530051600e-02 1.791026312871842330e-01
8.525535794391578270e-02 -9.470057612941551461e-02 1.286460197761508939e-01
1.085616950597007024e-01 -1.292513188810355262e-01 2.740492662826188863e-01
9.507336223510394480e-02 -1.216578773240411526e-01 9.854599987230278080e-02
7.518093227535144196e-02 -1.121694148000207669e-01 3.900344448825886212e-02
1.173062906904649566e-01 -1.243833220609472101e-01 2.722530625167348672e-01
8.675130631035404827e-02 -9.132362223661667777e-02 1.092747724890058003e-01
9.451653793638471746e-02 -1.174861380896381896e-01 6.663588041376804216e-02
9.191719511788024044e-02 -1.189818624394734098e-01 6.107604659825478094e-02
7.146838271788320818e-02 -9.753815989179645540e-02 3.094397415137743051e-02
1.009974753510460843e-01 -1.278250298534204243e-01 2.067360870855165234e-01
7.974363847422129281e-02 -1.191523875304818791e-01 7.240148387001328623e-02
9.161418974895470246e-02 -1.260530021115311705e-01 1.498070638428203316e-01
1.104576447681056145e-01 -1.170880625743109527e-01 1.703369753808790799e-01
7.760724944803513992e-02 -1.165369336723175026e-01 9.278552042715906834e-02
7.850834248237510693e-02 -1.098171485116149482e-01 1.452850923016782148e-01
8.332494872403295449e-02 -1.053911100559758729e-01 2.064778732383681092e-01
8.624886916866464359e-02 -1.242485880912540391e-01 1.195877040407497816e-01
1.145395555850382274e-01 -1.219539427359849354e-01 2.363491739518416568e-01
1.162747627104215725e-01 -1.150576158321370557e-01 2.282658292117607512e-01
9.118183005948096720e-02 -1.226439388746388415e-01 9.498416585685864888e-02
8.264135608055861448e-02 -9.424052145388875368e-02 1.160031082877330671e-01
8.313167500884673100e-02 -1.219318262529318075e-01 8.450036399142434040e-02
7.191857158976322495e-02 -9.781409435473963077e-02 5.762280680433535390e-02
7.241538343237959030e-02 -1.001753655806854049e-01 2.836402128667291078e-02
1.019615869471365566e-01 -1.011912204246083608e-01 5.691894736585260267e-02
8.661337975581746840e-02 -1.251235807461590910e-01 1.822785034105464941e-01
8.992733639007466362e-02 -9.986231964317178467e-02 2.024317024594620429e-01
1.132239388579115713e-01 -1.152251371423934356e-01 1.931557643249867118e-01
1.073269024687364404e-01 -1.050624454748083220e-01 1.240587029358108939e-01
1.106610846080076926e-01 -1.050916327812228407e-01 2.843266052483706119e-01
9.053405291187799353e-02 -1.000857264903719374e-01 2.245345273787629492e-01
8.228756683067410538e-02 -1.219441667476295066e-01 1.078681018191097879e-01
9.012577121666200120e-02 -1.264377955575002599e-01 1.786687735192710735e-01
9.122886981936999262e-02 -1.275808408247727788e-01 2.162299869848297584e-01
8.465878485758461525e-02 -1.227716242434963995e-01 9.509330700791016056e-02
7.973368586381129886e-02 -1.097956286111526208e-01 1.624605529555392947e-01
8.207360090000540009e-02 -1.107168658767408997e-01 1.885812031441119752e-01
8.806828182616639744e-02 -1.214957673174283520e-01 2.205035955767960243e-01
8.649969950050925838e-02 -8.844116887190267562e-02 4.538890920706363519e-02
9.751367853883433079e-02 -1.190316167892639526e-01 8.827430583534486008e-02
9.074322837592747881e-02 -9.065107214307834005e-02 1.055139150346383475e-01
8.257963489625212705e-02 -1.149285048849889440e-01 1.758616828469996007e-01
1.065230092476003171e-01 -1.277238477973980935e-01 2.287755481657765821e-01
7.232308617645183402e-02 -9.429054043541339192e-02 4.397697534639675304e-02
7.949356233421694951e-02 -1.156028384661535735e-01 1.260271554437965291e-01
7.886669516444025363e-02 -1.107822452290452703e-01 1.452400142993811039e-01
7.738080544802582172e-02 -1.103582373112253767e-01 1.207435684862619152e-01
9.906253184757672636e-02 -1.275215050597483246e-01 1.951063215931514994e-01
7.684834773488656567e-02 -9.221129568993946535e-02 5.256371147685680312e-02
8.677820745336708996e-02 -1.094104538879292765e-01 2.545901731235493681e-01
9.624097928230916643e-02 -1.280004197956730871e-01 1.939105773924686138e-01
1.096212694982983960e-01 -1.038250689883130212e-01 1.670898859210005749e-01
9.189782818935882114e-02 -1.261495464894364371e-01 2.501772129882658957e-01
9.752984583857945977e-02 -9.346101135072408528e-02 1.428324084479535849e-01
8.411599699130228869e-02 -1.115893233611477409e-01 2.054906851711929550e-01
9.428583425907600957e-02 -1.277120674058431493e-01 1.943592654213325555e-01
9.027394729381003902e-02 -9.959508455231014246e-02 2.052042186727377204e-01
7.568975733837904341e-02 -1.135852155265872493e-01 8.075989440822216314e-02
1.156125345011403127e-01 -1.145411651824854715e-01 2.213147251786600489e-01
7.558804674689406644e-02 -1.116326175491224454e-01 9.196401045041563416e-02
8.869091728259484442e-02 -9.072207472257179384e-02 1.065651861705513709e-01
1.057051555641905782e-01 -1.289339225733033001e-01 2.518767986794844815e-01
9.198060730225011972e-02 -1.187169228353281425e-01 7.276708441516867298e-02
1.103419248807703673e-01 -1.288275116301452750e-01 2.800521996676528791e-01
1.065668198274183631e-01 -1.001939096443887484e-01 2.817198460650172653e-01
1.031259925601127891e-01 -1.293764819774145536e-01 2.357475470756907054e-01
7.177986859578669443e-02 -9.429286089290053741e-02 3.056701205557184331e-02
8.310708517821374652e-02 -9.793203784901897968e-02 1.545047113745180167e-01
8.127182559371022574e-02 -1.124787095320392838e-01 1.698655179674085358e-01
8.002803678064998594e-02 -9.856448738936285370e-02 1.424487147800373721e-01
9.952222739904040272e-02 -1.255916512109420125e-01 1.579510123834139967e-01
1.133953989112333194e-01 -1.029810433695914906e-01 2.334589797315531901e-01
8.012827014751511268e-02 -1.122193623804831619e-01 1.557727170395193095e-01
9.591526789136479991e-02 -9.241762656386993957e-02 7.349849120016582749e-02
9.165632582483154711e-02 -1.234415959173424671e-01 2.555330016225075274e-01
1.025812046915737241e-01 -9.883062350776047889e-02 8.649248015118758681e-02
1.029768055645813862e-01 -9.700711408438252026e-02 1.281087695300513474e-01
9.651572886772825932e-02 -1.172902857233929508e-01 7.479290156377894905e-02
1.117822435906044437e-01 -1.060179455797666814e-01 1.873906595389322194e-01
1.105105677734680020e-01 -1.193406327675394368e-01 1.816544522799893868e-01
7.749380207502669371e-02 -1.136723796469685244e-01 1.068262928196053313e-01
8.186894682153186831e-02 -1.190670669128663650e-01 1.443097211721025008e-01
8.264393979015401126e-02 -1.188144636697447964e-01 3.856509470577595966e-02
7.523375618440826529e-02 -1.124244102253471184e-01 4.120438713082319460e-02
1.109597802915352205e-01 -1.046284676912156431e-01 1.835998795188785171e-01
1.077190614509386801e-01 -9.873383819641630421e-02 1.996036979497077535e-01
8.458623601833194228e-02 -1.046848848686190020e-01 2.105610610258753373e-02
9.760710920026659243e-02 -1.139692444020222878e-01 4.372958425716722691e-02
8.441164745189971841e-02 -1.033713069422882574e-01 2.370950276471070137e-02
8.113978775619411221e-02 -1.117978318318391395e-01 1.714714257382966844e-01
7.846289266303430043e-02 -1.033106251948280457e-01 1.576390968700422945e-01
8.034564849873258863e-02 -8.852824554257865408e-02 3.210032587510055352e-02
8.339244585763612438e-02 -1.060371883167324225e-01 1.993846585917170289e-01
9.323164308547528256e-02 -1.284351840297398850e-01 2.495479659441325604e-01
9.786003692968776868e-02 -1.268291336740018926e-01 1.799492971762559623e-01
1.068710980051703063e-01 -9.849839662353693237e-02 2.522685309936408271e-01
8.308289562843662601e-02 -1.163108586223097485e-01 1.759266824791377026e-01
7.585837021707778072e-02 -1.125006324280538594e-01 3.446780931517078039e-02
7.714324862109954439e-02 -9.428632871218446676e-02 8.063517433734336548e-02
8.444230786807818689e-02 -1.172190340232985711e-01 1.909740376651968830e-01
1.061198374911326292e-01 -1.092040498034165946e-01 1.072390889854291929e-01
8.258966410128752711e-02 -1.107625620572198211e-01 2.711743573917983763e-02
8.882344526211587155e-02 -1.209293774784809677e-01 7.655133632134548949e-02
1.081344430084106717e-01 -1.038299358524916866e-01 1.432674140807488616e-01
1.017749778252599879e-01 -1.015731102712333495e-01 5.457115761788564057e-02
9.917010158538648590e-02 -1.227414598376992405e-01 1.190259213973325347e-01
1.039542516807915595e-01 -9.687877138870590321e-02 1.821115379605282303e-01
1.125763655832419247e-01 -1.052295302489923146e-01 2.012530599060330938e-01
9.549450915576743193e-02 -9.236153350658427019e-02 1.177572585198917582e-01
8.811266049386994037e-02 -1.251092596112759470e-01 1.402366264238961713e-01
1.061855194068907909e-01 -9.920602800766473162e-02 2.787785421311196887e-01
9.502534760880833320e-02 -9.170545668503773951e-02 7.357917546622505522e-02
1.182200444040730075e-01 -1.225432747851608051e-01 2.796579901708950433e-01
1.068281424913504474e-01 -1.071551546578983216e-01 1.134590611573373514e-01
1.067716396118729982e-01 -9.944098910831941640e-02 1.591684264544885319e-01
7.938525490075754032e-02 -1.193122870695876164e-01 7.885876312867777516e-02
9.986555582866003811e-02 -9.962617719314083298e-02 3.899820676206155329e-02
1.112845452180481753e-01 -1.151558404218311765e-01 1.767285564691516153e-01
1.096539925932066145e-01 -1.250106527591656469e-01 2.179797075728892308e-01
1.026864017090325792e-01 -1.111761943226009103e-01 7.318464418840835151e-02
1.135452420241901822e-01 -1.052376096902023772e-01 2.197455618879273209e-01
8.532329789933540409e-02 -8.870615818236722572e-02 6.429437255524901584e-02
7.747481626309672686e-02 -9.351836231392053611e-02 6.882780404256556850e-02
8.017830848052040493e-02 -1.028210922617677214e-01 1.686579206956702326e-01
8.444332166637288917e-02 -9.124291512641265200e-02 9.829693564678267104e-02
8.578819357438799420e-02 -1.240911840814690470e-01 1.214220503206893398e-01
7.261335623915225745e-02 -9.812241100028937235e-02 6.530598283222760481e-02
7.654304375492661239e-02 -1.148268746519364447e-01 8.968469415046853577e-02
1.157456135006291603e-01 -1.141222624176392725e-01 2.224434711339730586e-01
8.739451966644305736e-02 -1.201700105069228031e-01 5.026514149822086663e-02
7.699097141508202957e-02 -9.912792020268207382e-02 1.181472227541579822e-01
9.938981070560497233e-02 -9.888972202098464392e-02 2.617980359945854540e-01
9.698535614050345088e-02 -1.010180172208809402e-01 2.747189159745497822e-01
9.129297463063806850e-02 -1.254065890481808332e-01 2.476109283180207010e-01
7.831072838388675184e-02 -9.702949104552496817e-02 1.146097207417921121e-01
9.306041773479434287e-02 -9.833338233420152452e-02 2.090615552064588045e-01
7.986234167110754789e-02 -1.041202400277902451e-01 1.716178339567078770e-01
1.005245104820946395e-01 -9.627391334303286863e-02 2.165933195771659880e-01
1.124755103248182564e-01 -1.168142137865546132e-01 1.914372373394069571e-01
1.104982028030020297e-01 -1.032433230411438363e-01 1.847679933767298888e-01
7.940667100654967558e-02 -9.268257909695266916e-02 7.393570677099292610e-02
9.077028265747523472e-02 -1.048272353487319369e-01 2.721143627659692865e-01
8.518737397878679840e-02 -1.243473952676514976e-01 1.623952442790935202e-01
8.734403224813651334e-02 -1.102719366423285108e-01 2.650568700958764734e-01
8.876016641450658329e-02 -1.239033090489905647e-01 1.071867806436949816e-01
1.092914330041870052e-01 -1.210800831586965332e-01 1.849324977250993429e-01
9.177708033763111450e-02 -1.269980604475513808e-01 1.755668416765490403e-01
7.126982400222979519e-02 -9.806746283982149814e-02 4.786315704789741166e-02
1.117929273204931323e-01 -1.248098086669510443e-01 2.272191085247294295e-01
1.136809857887890185e-01 -1.033469239197446904e-01 2.472584653223273699e-01
1.036436726789305013e-01 -1.269769707932082992e-01 2.214227833490180486e-01
8.143216336715751458e-02 -1.151692627125659035e-01 1.584843186845934226e-01
8.470122661863949132e-02 -8.881850999812732073e-02 4.313860178312178828e-02
1.027920390545222357e-01 -1.055873982138292588e-01 6.263420421593605958e-02
9.191141537369727776e-02 -1.179155187398524540e-01 3.343129053386630078e-02
7.680306407620700326e-02 -1.146621146078278253e-01 4.004224636569383988e-02
8.494911375207826743e-02 -8.890954342365869900e-02 5.532085275928454865e-02
9.784230415302901107e-02 -9.391885329703447693e-02 1.569747394987199285e-01
8.787368334414899507e-02 -8.977693040664654067e-02 8.090722048307369407e-02
1.046153196525559936e-01 -1.022987052239603678e-01 9.781807976573489438e-02
8.892324186895295135e-02 -1.204244140494832443e-01 2.368558625882988822e-01
8.814553930772864310e-02 -1.033160040114829564e-01 2.424094031236036229e-01
9.032370191206799681e-02 -9.064281823430711538e-02 9.959932405966712143e-02
8.498113721995755043e-02 -9.553782129253148014e-02 1.364860736661919760e-01
1.000918652863375530e-01 -1.271253593405105575e-01 1.907041451604622462e-01
1.087967502164360611e-01 -1.002769912329424529e-01 1.900663751274612179e-01
8.111160981754425570e-02 -1.131096914577217477e-01 1.643818813714830185e-01
9.106172998018148557e-02 -9.070453231327112176e-02 1.056997652306090885e-01
8.296082789750441888e-02 -1.210448808580048413e-01 7.688565508759577505e-02
9.190854502683218352e-02 -1.221496503498672864e-01 2.594096926958896487e-01
1.127824716805766458e-01 -1.041274712066126013e-01 2.181996679240219839e-01
9.387084318166064034e-02 -1.287872512722542384e-01 2.196464909851520153e-01
8.407810756973177480e-02 -1.102721177247248108e-01 2.285622637617308606e-01
1.033846811076141459e-01 -1.107446418785730941e-01 8.421638785716271947e-02
8.634573362349880210e-02 -1.228709766597644581e-01 9.111585881506864548e-02
9.019362462953385562e-02 -1.141126182077146223e-01 2.629782197453121168e-02
7.987680731850294036e-02 -1.125162935843996292e-01 1.508025292053485900e-01
8.921063890854796785e-02 -1.015674300729320217e-01 2.308383459023480855e-01
8.708840141205693997e-02 -1.066295116023806694e-01 2.550061295462573430e-01
9.297838834912969252e-02 -1.274601344192163588e-01 1.904920531848537935e-01
1.051436258674516011e-01 -9.866634386349855401e-02 1.438528704110599299e-01
8.138199490470669761e-02 -1.176541851117738902e-01 1.441345603569639255e-01
1.066573200402104876e-01 -1.159198854771645304e-01 1.310663321184982189e-01
7.646304499188139037e-02 -1.084133971839818245e-01 1.167559780947325654e-01
8.719548654275936783e-02 -1.234302822055239474e-01 1.002183513720984603e-01
9.227149970028208914e-02 -1.273433351684145065e-01 1.860789153252633554e-01
1.059640425521568147e-01 -1.102918857048420798e-01 1.082519626684885078e-01
8.558563727885649952e-02 -9.734674226251541218e-02 1.653595654612009525e-01
9.999385175683561666e-02 -1.294364803607023773e-01 2.698024330516680669e-01
8.046504832273637664e-02 -1.199487844136116477e-01 7.570392348679316763e-02
1.116608504811300168e-01 -1.245876267919857339e-01 2.239898074871835565e-01
1.040264584354406441e-01 -1.019183050752338615e-01 8.628079611951718075e-02
1.191858088172747659e-01 -1.200479817449908865e-01 2.791508215856621788e-01
9.424751109883394706e-02 -9.430422504317778620e-02 1.748425060868046277e-01
1.092607433594558891e-01 -1.242206002227292105e-01 2.846993426682108974e-01
7.274442707711921419e-02 -9.482245551932659555e-02 4.998494486823591709e-02
7.506754026628326137e-02 -1.034106298956259662e-01 1.138375477657131707e-01
9.306564749253699864e-02 -9.173509783671393580e-02 1.171785378713606912e-01
7.629689949507383051e-02 -1.103165044375430531e-01 1.058902597930269779e-01
1.106475387228589152e-01 -1.104966574753928898e-01 1.516502229559414383e-01
1.086137776368157754e-01 -9.966137449274992122e-02 2.142491955002795434e-01
1.182545289980210107e-01 -1.146511959508653700e-01 2.514673015954001500e-01
8.685414296259116873e-02 -9.710165614055769889e-02 2.733738264597054823e-02
7.319060769535988553e-02 -1.040979224914583140e-01 7.827489792653014034e-02
9.149066079310221034e-02 -9.612385638682462152e-02 1.851064289386597783e-01
8.253405973678083762e-02 -8.902175253549553247e-02 5.084525859116260232e-02
1.053029501363551418e-01 -1.164187363413904386e-01 1.210895054488198563e-01
8.854942296358794818e-02 -9.321987273566421928e-02 1.360817369810523592e-01
9.367277572536772401e-02 -1.004985348777197168e-01 2.436840032766837971e-01
1.097172487073945352e-01 -1.052092787055120271e-01 1.517653474262883884e-01
1.006788028382157030e-01 -9.770428846185723326e-02 5.993539262386329836e-02
1.003609715156979498e-01 -1.301646121562269887e-01 2.481920435216035947e-01
1.018711829465837188e-01 -1.247532885426747978e-01 1.625197917596174491e-01
1.190877371025503562e-01 -1.109155677209040791e-01 2.775892364182291905e-01
9.206467338440769976e-02 -1.260642713209298438e-01 1.474162275789189791e-01
1.063578182122080912e-01 -1.191040698124237879e-01 1.457008127131224351e-01
1.023496989348317288e-01 -1.113795300330639032e-01 2.867224731525130355e-01
1.114011750542533430e-01 -1.177225153391293355e-01 1.862131622854228952e-01
7.338818656505867455e-02 -1.063130232916143225e-01 3.467022076971792988e-02
8.533943674220195730e-02 -1.025953618028138253e-01 2.099079315069969087e-01
1.160481029112204188e-01 -1.172388048860639187e-01 2.838021192328131215e-01
1.053718690498711974e-01 -1.233870521262028647e-01 1.690830041421467478e-01
1.016944717515588653e-01 -1.033735338970493689e-01 5.142299681377667658e-02
9.749468389666990364e-02 -1.169299628664419444e-01 7.481144215309978862e-02
7.697161537773879181e-02 -1.087324527288014570e-01 1.239668404915708899e-01
1.050862620596516445e-01 -1.063253335726314364e-01 9.775611501314303287e-02
1.051686319879106962e-01 -1.284362530219179954e-01 2.347741739363142233e-01
8.525839810849217271e-02 -1.170542800294521318e-01 2.829310755579139344e-02
7.577430399667055283e-02 -1.122475608540195735e-01 9.173439044935353948e-02
9.777362956314211706e-02 -9.438660302740554953e-02 1.800363757927876118e-01
9.975394933328038394e-02 -1.155581816824458735e-01 7.043427355560405445e-02
8.427103064113226905e-02 -1.025541258283616530e-01 2.030267666802978155e-01
7.569068052286684334e-02 -1.116086739652097370e-01 3.347911299717881012e-02
8.902014711414063530e-02 -1.237193245481051640e-01 2.229436139148363860e-01
9.104340693066532986e-02 -1.234530731633146777e-01 1.058359387612765601e-01
7.919776935879434265e-02 -1.183195942211131696e-01 5.366628398252860227e-02
9.334681420036833321e-02 -1.288960961392003612e-01 2.370836221593376480e-01
9.288027182468215626e-02 -1.269888289938883863e-01 1.713933743469671922e-01
9.669844099460944697e-02 -9.283127949672727308e-02 7.569944159238026216e-02
1.138569759866917136e-01 -1.121828569806703757e-01 1.990790166544427198e-01
9.000434224419452678e-02 -1.263524494951483723e-01 1.949319089860006016e-01
1.033140737967152695e-01 -1.004083171109990125e-01 8.002304249533918890e-02
1.001716926493166210e-01 -9.539522694240432088e-02 1.918866338813199901e-01
9.685896703392042617e-02 -9.342748651983105723e-02 1.519790792615595965e-01
1.191669732621622041e-01 -1.122016707805924274e-01 2.686646953880047484e-01
1.169128173006703103e-01 -1.084767064268924719e-01 2.528915813639523447e-01
8.488222611469542489e-02 -1.004307384992739610e-01 1.882821998797514218e-01
9.267298360990124106e-02 -9.043994436431462836e-02 4.911286081725316222e-02
9.949807202423242847e-02 -1.243406981615509249e-01 1.473382363276427021e-01
9.742440787900837063e-02 -9.481612185470798815e-02 3.651596532620599717e-02
9.988600296202176931e-02 -9.468527935304016374e-02 9.869407281426943734e-02
1.013642793576476353e-01 -9.556834598816064952e-02 1.745003897061297160e-01
8.803289307129644192e-02 -1.209155487398807932e-01 6.773153297963106778e-02
8.273026520579186693e-02 -9.156827241010800922e-02 2.785448584991038340e-02
8.584527143218917411e-02 -9.008161636750354473e-02 8.508316685300679194e-02
8.971310043336409856e-02 -1.199138112166228676e-01 5.702560341774559616e-02
9.314266886575942039e-02 -1.124594223796461095e-01 2.618276449726793242e-02
8.716140834114900759e-02 -8.852962341154113624e-02 6.091701032530760090e-02
9.813893554478474168e-02 -1.247591109574438528e-01 2.809285183498428373e-01
7.103358383258154274e-02 -9.607988532523882574e-02 4.248902746793763174e-02
8.843433412667150995e-02 -8.823293556048647512e-02 3.247162404672432334e-02
1.096094039272875326e-01 -9.971268917792971975e-02 2.728537452283037457e-01
1.072105142266071703e-01 -1.047527182759698527e-01 1.256282376858205707e-01
7.809476156408202974e-02 -1.084614563618920974e-01 1.468219310497074770e-01
1.098018233447984465e-01 -1.047078490334314160e-01 1.627017652832437877e-01
7.392293442451140784e-02 -1.091306589364562513e-01 4.113507143306581459e-02
9.447876596413737338e-02 -1.261950497729171783e-01 2.634861410539938720e-01
8.085072028483417106e-02 -1.211551605934991921e-01 8.897193522728241710e-02
8.748577335919817399e-02 -8.853164244383013304e-02 6.066179850494128611e-02
9.056845960474878277e-02 -1.193172213208911203e-01 4.454960653622234285e-02
1.000556632648664512e-01 -1.258263358681127597e-01 1.673856414290779138e-01
1.061543071519867737e-01 -1.291300196286980506e-01 2.573141677409244155e-01
1.040972781074731152e-01 -1.219261924353957499e-01 1.469441297653102940e-01
9.855434180535192767e-02 -9.678898775733094095e-02 2.262320927491869582e-01
1.008558037212212155e-01 -9.695263387141786482e-02 2.415722761515717576e-01
8.857664995262520824e-02 -1.054933989657427240e-01 2.614830907536798144e-01
1.085995193915450241e-01 -1.203786205620895611e-01 1.736018786594085150e-01
8.254644788414237933e-02 -8.849726325499718271e-02 3.656117100981055856e-02
1.102039974030305652e-01 -1.061577561391006674e-01 2.848993530204215752e-01
1.088244238755025350e-01 -1.267797679799987920e-01 2.432600830667107361e-01
9.981213794167963227e-02 -9.482528437657822273e-02 1.772691215356053118e-01
8.277525579723085669e-02 -9.675245900564778678e-02 1.454999703848637305e-01
1.086031417974396007e-01 -9.923865650121757587e-02 2.724506106589534293e-01
9.429897212187295097e-02 -9.581163123880530319e-02 1.959384745373878023e-01
7.843144994520870328e-02 -9.885966284119158953e-02 1.296466321571909386e-01
7.649148902639694991e-02 -1.077770436479062316e-01 1.217774210876566982e-01
1.012875390727644848e-01 -9.582781969200108996e-02 1.175792595372630728e-01
7.743552505402076513e-02 -1.033065856517325076e-01 1.479437980935618124e-01
1.009400842625494954e-01 -1.084228031344895149e-01 2.865763260822579706e-01
1.026769210281332501e-01 -9.921482424678482182e-02 8.493412303198320801e-02
1.124957813783133281e-01 -1.052933467875084017e-01 2.008751017295338781e-01
1.111702232139040597e-01 -1.059558750113333975e-01 1.750742101238591530e-01
9.880488302300544090e-02 -1.240650425951212443e-01 1.423607294480657703e-01
8.605735107559313313e-02 -1.168636003830186426e-01 2.150471058720896667e-01
7.852843898479151818e-02 -1.043188607134191981e-01 1.624390945822652421e-01
1.176216359896358199e-01 -1.101781057505738515e-01 2.547205747631358097e-01
1.184256205336434581e-01 -1.205650059426877641e-01 2.680767615821831318e-01
1.000481940697423577e-01 -1.062104453584482300e-01 3.372760333947824596e-02
1.038280227940390349e-01 -9.761230833531070461e-02 1.393707838346021355e-01
7.838643775822086435e-02 -1.176988665954769864e-01 7.609717010321848107e-02
1.142014588668359837e-01 -1.035660125556264882e-01 2.572612935938796697e-01
9.627090080570244179e-02 -1.233601534172262260e-01 1.304181778467421726e-01
1.033831992616284084e-01 -1.181199153655328460e-01 1.145292065922748487e-01
1.016722458001020762e-01 -1.139789507268441915e-01 7.707464830364975372e-02
8.048514282033880640e-02 -9.730223537467090622e-02 1.308696404264814428e-01
1.078178897212918180e-01 -9.865493923061309511e-02 2.592403912527813103e-01
1.082658620868872518e-01 -1.280978803388548859e-01 2.557376024047987584e-01
1.085293914202280080e-01 -1.276109655220460382e-01 2.503459575388173319e-01
8.913891945624412283e-02 -1.203659115575107519e-01 5.915141892034262577e-02
9.333146247142522223e-02 -9.238042905107844704e-02 1.387729315060742541e-01
1.123525376337743964e-01 -1.031266248863824952e-01 2.198745288060075520e-01
9.155374426840369451e-02 -9.430271956376826137e-02 2.711114771083168035e-02
1.050386567029009122e-01 -9.914152358787993446e-02 1.310392574968810842e-01
7.753852371221327255e-02 -9.491200115495697365e-02 8.821906626273368079e-02
8.696580140191247088e-02 -1.228432509859120197e-01 1.963222258858722535e-01
1.028376125727389484e-01 -1.255375566913290719e-01 1.975515827728987761e-01
8.008584531376206073e-02 -9.907009633297642059e-02 1.462218010261472911e-01
8.688772693985069573e-02 -9.577026511589734059e-02 1.590602801608801131e-01
8.973692174986666603e-02 -1.165187367110369770e-01 2.617890054253195209e-01
1.042845525272415030e-01 -9.696084616699569836e-02 1.776799271134595071e-01
9.040669834483908152e-02 -8.953933840536885957e-02 6.672529721860880059e-02
7.532026024937291120e-02 -1.074885907765148196e-01 1.054892065952052760e-01
8.975759103040981124e-02 -1.162693768216501444e-01 2.625938374986916402e-01
1.026094842909373306e-01 -1.258179025611551594e-01 1.828384314718845549e-01
8.162029732811766636e-02 -1.199133726538713224e-01 4.839265886343847856e-02
7.895956768886346067e-02 -1.112083373004511822e-01 1.441479996226636418e-01
1.021448453684966201e-01 -9.617777767078138085e-02 1.266942302265438303e-01
8.716165441401284297e-02 -1.206415048516192995e-01 2.081331184336897011e-01
9.538992012383278041e-02 -1.270987856767093194e-01 1.760324922423888994e-01
8.461639792351766109e-02 -1.235746478256402187e-01 1.497201372156412302e-01
8.451027748902580072e-02 -9.472782961644819755e-02 1.253921569823790161e-01
7.349726288837102328e-02 -1.055080127482599106e-01 7.853440790718589637e-02
1.020074813093567317e-01 -9.528254208954421711e-02 1.606003579183557239e-01
7.865962230205339467e-02 -1.017444054255786934e-01 1.490021612202060974e-01
7.383153123962353515e-02 -1.076576896071352318e-01 6.150613045107755639e-02
7.701690620209683535e-02 -1.157654275510553721e-01 6.108801759456036068e-02
8.957741892068980805e-02 -9.486850284233087904e-02 1.662469567906816881e-01
1.077144388784873480e-01 -1.190887544700803824e-01 1.563662554976410490e-01
1.119866310255115682e-01 -1.269692696496277917e-01 2.634896039148161839e-01
9.647007081940943418e-02 -1.283700326477495990e-01 1.992001619873144114e-01
9.379342293381558171e-02 -9.102948338957422836e-02 7.411884542975098744e-02
1.106393085903577267e-01 -1.082028988336391634e-01 1.617713325362054866e-01
9.426055514754287656e-02 -9.139816296628992809e-02 5.785407535808351209e-02
9.625386395867840950e-02 -1.015666038493555079e-01 2.699450046303323858e-01
8.395981224281880151e-02 -1.104638220958466394e-01 2.063751082882533672e-01
8.078615313999362724e-02 -1.199837632376112989e-01 7.001295167713447731e-02
1.115901916278425887e-01 -1.023509576631514290e-01 2.180415040159947859e-01
1.028454774622806905e-01 -1.267337910906978504e-01 2.187263388828768473e-01
9.844364811106487423e-02 -9.371384411565637784e-02 1.301975660365974619e-01
8.423993841989095566e-02 -1.125289801745773116e-01 2.054513780700577552e-01
1.144760847820615324e-01 -1.038337347360666213e-01 2.570387958716912613e-01
9.331976527220309237e-02 -1.234288389259131508e-01 2.634580881265974339e-01
9.496148529766906821e-02 -1.286703021088256016e-01 2.596795928243765816e-01
1.020681280693563064e-01 -1.213276761875871773e-01 2.859229319232960420e-01
1.085663762793594028e-01 -1.146379248155013492e-01 1.452418285498298656e-01
9.437253159860574392e-02 -9.793921318611428783e-02 2.213148183634029709e-01
7.949526294584548236e-02 -1.136625852692171035e-01 1.362450555432466459e-01
7.612459656004127995e-02 -1.132105418129858293e-01 5.220787513497845284e-02
9.578107720360330701e-02 -9.242803652449506358e-02 1.036191296036556020e-01
1.110351209519087889e-01 -1.152812602042669332e-01 1.714734434279887587e-01
9.928936512365496569e-02 -1.116064691609384707e-01 4.515904014960637342e-02
1.042820358666219083e-01 -9.675007878350747048e-02 1.970961630080906857e-01
1.033804293214708458e-01 -1.297176316345938218e-01 2.712211903381651634e-01
1.021080210382635245e-01 -1.054633752660958101e-01 5.503568042697564583e-02
1.055618843532863255e-01 -1.013397456789851131e-01 1.160725006274340582e-01
9.004748336196284619e-02 -1.213282762587260810e-01 2.498105715508072699e-01
9.158677515591687190e-02 -1.277418137894080208e-01 2.289821123777482093e-01
1.132874842188884984e-01 -1.219673233809851348e-01 2.206242685880659415e-01
1.005432490395500450e-01 -1.234465823709676308e-01 1.406994765733748654e-01
8.695209771244986896e-02 -1.020240671386569847e-01 2.156568982840883220e-01
1.053310827901857288e-01 -1.296452620266909661e-01 2.630099057621155256e-01
7.697169433286235596e-02 -9.126042754178929906e-02 3.609278775644421400e-02
7.682798271244015154e-02 -1.156346041533380109e-01 6.595857047611598800e-02
9.721510226527248222e-02 -1.132707615900029607e-01 3.424177683582275283e-02
1.010234808131244832e-01 -1.265454996825195744e-01 1.951546907911586304e-01
1.189771872647881895e-01 -1.108726547273427981e-01 2.726640314658266839e-01
7.295646806965669362e-02 -1.062710073815413131e-01 4.287578674074817714e-02
1.034222998666378956e-01 -9.738936989024706004e-02 1.367353505962508042e-01
1.077661671613587141e-01 -9.922494603305814787e-02 1.952388724653694452e-01
1.074751212400982397e-01 -1.282008230120965375e-01 2.520896545122228161e-01
1.058007135079815642e-01 -1.157878522550716410e-01 1.224368114315307760e-01
8.663717015150583511e-02 -1.195076354426308080e-01 2.066897326457576012e-01
7.852793164219651345e-02 -1.167707808319332907e-01 1.068299101297478793e-01
7.645340677189815803e-02 -1.125827212566269248e-01 9.861591752430345914e-02
8.657712632900022021e-02 -1.125765376520870414e-01 2.477656035012422708e-01
7.334170267633635665e-02 -1.019000644139593931e-01 9.809583552027419107e-02
8.802649169388514216e-02 -1.170992661455151213e-01 2.402348811697548880e-01
9.425347423903886190e-02 -1.037875798449014730e-01 2.650922943898902095e-02
9.435928344850531835e-02 -9.253304522462463266e-02 1.276300785313052022e-01
1.190132649384685326e-01 -1.135052741786750780e-01 2.634687682164420508e-01
7.241706675989334485e-02 -1.045184162240211795e-01 4.481088680222276160e-02
8.053241871376994043e-02 -1.145486720412728504e-01 1.494483292990391732e-01
9.516371762157696534e-02 -9.207279072322226143e-02 5.135650184817940056e-02
8.894678201119529670e-02 -9.687504978039725156e-02 1.719487220482952550e-01
7.186884624331817129e-02 -9.635524679186363572e-02 4.972782735059083636e-02
1.132684390045721051e-01 -1.234134770998799313e-01 2.363203940599806485e-01
9.964352975119976363e-02 -9.448708699223003216e-02 1.136364072347564314e-01
1.080391753442154767e-01 -9.931349960653361453e-02 1.876272309400610905e-01
7.556964251347991768e-02 -9.471147760912505820e-02 6.734092378394530842e-02
7.689055482086606941e-02 -1.151552769340116744e-01 4.457055738597997391e-02
8.690536277852184410e-02 -1.176860217822679328e-01 2.225672916188606021e-01
8.791090560529085662e-02 -9.245945794361465353e-02 1.249957947773320532e-01
8.755002966105100703e-02 -9.872685668280278826e-02 2.729691546370274779e-02
9.664816763670606992e-02 -9.355535525809473285e-02 1.549237321429155212e-01
8.679465126294740041e-02 -9.121367503902018392e-02 1.077793307631507991e-01
8.012212284385172856e-02 -1.150366979755024360e-01 1.383948649589551438e-01
1.000602580398449459e-01 -9.555931309201257107e-02 8.253733856163554539e-02
9.328427765883748335e-02 -1.033155090586065500e-01 2.721901167539956812e-01
7.768370805073350482e-02 -1.151296890181489480e-01 1.032313066749172142e-01
1.090262553524579819e-01 -1.001495160025643594e-01 1.975946409912857915e-01
8.723506053945652428e-02 -1.220194659401280940e-01 2.021687066830674395e-01
1.068335597711992241e-01 -1.150998576076743829e-01 1.286203541214216428e-01
8.295017617493025130e-02 -1.225603842016030343e-01 1.271016455834243497e-01
1.017261964744521630e-01 -1.133905182159725966e-01 7.375078175285608439e-02
9.997718593924492803e-02 -1.208215610620457098e-01 2.857633328304657327e-01
1.172711494439745428e-01 -1.069927715801045759e-01 2.695660309377405639e-01
7.096893103288701155e-02 -9.646237645836468200e-02 3.459683821160073475e-02
1.133200276008709262e-01 -1.249842381005265290e-01 2.446886560307597602e-01
7.756280286958808223e-02 -1.150407376378185798e-01 1.021246609586792531e-01
8.194765988366177478e-02 -1.002666932543141709e-01 1.703724415372074585e-01
1.056590651063632064e-01 -9.817798282474510252e-02 1.753444621811965642e-01
1.062322709574510804e-01 -1.018352152011601369e-01 1.233104296979261466e-01
9.207393691884448172e-02 -9.971684774784053684e-02 2.149707394368625679e-01
7.683907022078391436e-02 -9.266483592465034336e-02 5.774565513736162892e-02
1.106776858874132102e-01 -1.103559497302350756e-01 1.520043608238621502e-01
1.130715809950967599e-01 -1.020548151841809414e-01 2.604625974272529731e-01
9.355021115452362424e-02 -9.607976205959493921e-02 1.951255990982074529e-01
8.380608764814510836e-02 -1.231877964206257170e-01 1.187297870887182583e-01
1.010937224111060906e-01 -1.071983525758563316e-01 4.788541101865043115e-02
9.858348461797433737e-02 -1.285622741510565326e-01 2.028884197617699670e-01
1.175595522114981500e-01 -1.177480040051260834e-01 2.478194523727729470e-01
1.141045384662258133e-01 -1.031609744180786298e-01 2.605214710650027854e-01
8.956996656745003227e-02 -1.102910703727175146e-01 2.718933588863436945e-01
7.347716235512104233e-02 -1.066386383681104250e-01 6.015812877921372648e-02
8.035681565949259753e-02 -1.082214799566272173e-01 1.754588944971364473e-01
9.216036940711157255e-02 -1.194053219984457792e-01 2.672871204498274977e-01
1.022525196423344218e-01 -1.122279851342996848e-01 6.954542781578512689e-02
8.377414893423763831e-02 -1.175361512251078822e-01 1.797296546685413221e-01
1.001115042394342680e-01 -9.986065437058393168e-02 2.787853089389062955e-01
1.093725865780440232e-01 -1.019573004321868009e-01 1.760892405490743773e-01
8.134972795041506277e-02 -8.850567495375154248e-02 3.447362948720887610e-02
8.379609196548676309e-02 -1.056771454748273581e-01 1.678538927395092917e-02
1.152896661544240975e-01 -1.044959236751749343e-01 2.636562963322205966e-01
9.862928311823158933e-02 -9.643636376828339241e-02 3.450799112546049097e-02
8.669588746806319857e-02 -1.177564014960383321e-01 2.194473603939241790e-01
1.124612581555254898e-01 -1.270871062154358411e-01 2.821859505218334285e-01
8.102163707935805537e-02 -1.206813026406652334e-01 1.144839476327194211e-01
7.537258836973245724e-02 -1.044070382593759866e-01 1.224581608196815968e-01
8.105426665495574223e-02 -9.252794531559339897e-02 8.857848484836011727e-02
9.421816001373163607e-02 -1.268542507889437454e-01 2.609626055663979427e-01
1.147299495619318321e-01 -1.038388052298295783e-01 2.619128414490824452e-01
1.075613200098315542e-01 -1.249632625118765328e-01 2.076735409332225446e-01
9.532471187909574706e-02 -1.009471340857430177e-01 2.582749239096569505e-01
9.036377474608602023e-02 -1.220741311258117662e-01 8.763563488710315874e-02
1.180905073547977441e-01 -1.076035267090650893e-01 2.754248060504411733e-01
1.052391444873086723e-01 -1.297198174643945379e-01 2.638740612277715170e-01
1.167036961481474622e-01 -1.077538121168791219e-01 2.505204707158106836e-01
1.142751413335534039e-01 -1.140863899201333131e-01 2.006706984288515183e-01
8.240020261436717397e-02 -1.215428704131661514e-01 8.330454655361770044e-02
9.601062245844743659e-02 -1.227615436483730921e-01 2.768857076282346119e-01
9.912958141523370292e-02 -1.303358019757061836e-01 2.487089015252846314e-01
8.282607044346135261e-02 -9.884575673569789833e-02 1.649713471489046290e-01
8.047654247877872313e-02 -9.964667235202065432e-02 1.534183254570053445e-01
9.987842731684642983e-02 -1.048654549327260183e-01 3.110477036387640157e-02
8.952205777738329873e-02 -9.290420350242045711e-02 1.373517641220100838e-01
1.115814118780885378e-01 -1.011987979135948179e-01 2.788381667202406988e-01
9.701284079984356934e-02 -9.331107208351900606e-02 1.484586647539259952e-01
9.114537189509143433e-02 -9.756522666425625212e-02 1.927602061308118231e-01
1.161730446787285764e-01 -1.073023417402302337e-01 2.446789586081001278e-01
1.111642235051873151e-01 -1.020480696211913119e-01 2.814954637345357114e-01
1.082116896531842981e-01 -1.207830569363086276e-01 1.725587681549006769e-01
1.045379751791299522e-01 -9.665926335128396940e-02 2.003713903468166690e-01
9.438444086536716682e-02 -9.196473114337755383e-02 1.112547366591376680e-01
9.603991361003043348e-02 -1.169083595543440601e-01 6.476880838101821414e-02
9.544547119098126253e-02 -9.244965056204632048e-02 5.436491289331494420e-02
1.060355100570295611e-01 -1.255023042315376314e-01 2.095512623036448197e-01
1.046463705686405260e-01 -1.287023778652303385e-01 2.306834990386439910e-01
8.241899225525516071e-02 -1.043128542231063494e-01 1.902680095407165428e-01
1.049064559068928898e-01 -1.036599319935835456e-01 9.445372972098799169e-02
1.000254145503152725e-01 -1.256843697176004970e-01 1.650269262999647657e-01
8.297223859847677185e-02 -9.127849165164902967e-02 8.780518580824535346e-02
9.142999926965529600e-02 -1.212847954473445788e-01 2.588652478041778005e-01
9.617874163251774466e-02 -1.274808548568243938e-01 1.822786156570138927e-01
1.012947825513141192e-01 -1.139057672953309869e-01 7.216285837252733870e-02
1.002768414857839047e-01 -1.078830718671077993e-01 3.976558056755125081e-02
9.813852573092987641e-02 -9.440170680375600809e-02 1.848171130083458569e-01
1.188232209021141128e-01 -1.100989373382432468e-01 2.784001283239509461e-01
8.835286621697190090e-02 -1.058520477760289957e-01 2.615512940435608669e-01
9.385100007142543888e-02 -1.194825284224207557e-01 8.007478628512951224e-02
7.688129974876434236e-02 -1.145339499867956273e-01 9.590870769948363350e-02
7.266094171296667847e-02 -1.044145874333286400e-01 5.851998833161035918e-02
7.574114427840204777e-02 -1.127310888733193961e-01 6.379089063113754787e-02
1.124279442564740938e-01 -1.102461530108872073e-01 1.814856477267564605e-01
8.833508030943575118e-02 -1.253334052488960793e-01 1.477812367978746377e-01
1.010916772983615902e-01 -1.081759759059537501e-01 4.913501236222303503e-02
9.554398453920689982e-02 -9.738384973677663425e-02 2.164789154340271971e-01
7.864499199341638824e-02 -9.997287487905016923e-02 2.395729629336960584e-02
1.121389754900184721e-01 -1.052297705420033036e-01 1.950889884177768874e-01
7.870272124134523872e-02 -1.008069487244924178e-01 1.431817183187059639e-01
1.024139384787319251e-01 -9.645119159555717858e-02 1.315464640009968156e-01
1.138981333206417479e-01 -1.038709944356838305e-01 2.443505246913027507e-01
1.070011524481121329e-01 -9.861063456444341124e-02 1.950028088761504297e-01
9.077678242815273579e-02 -8.939587146543225005e-02 3.517731301751923084e-02
1.144714775748117558e-01 -1.086104137297939226e-01 2.139224103119702347e-01
8.137674959019226828e-02 -1.039020164230367582e-01 1.816953295397879253e-01
8.102740454066242881e-02 -9.045539243529050755e-02 4.349180233850281907e-02
8.517063545595696117e-02 -1.225891397479220157e-01 8.882508294720711794e-02
8.297636477894218543e-02 -8.962496605457351273e-02 6.787886691344600931e-02
9.455585198592306173e-02 -9.200273384261890841e-02 9.950336190594272212e-02
8.171591527059546278e-02 -1.105644182966786793e-01 1.848566325306867930e-01
1.055613256796836957e-01 -1.050913508318432332e-01 1.041459081985919716e-01
1.177395393663428491e-01 -1.218604965682863195e-01 2.631293647561975813e-01
8.525855979763416470e-02 -1.228423943816036451e-01 1.561580515415255388e-01
1.124417303415251451e-01 -1.224945611975885862e-01 2.144333608826288762e-01
8.626757664022023653e-02 -1.068912226712751823e-01 2.696565659887993974e-02
8.955882437503977223e-02 -1.208388453106171850e-01 2.434242765171034939e-01
1.127767067423731812e-01 -1.079400956148408308e-01 1.898540616918099055e-01
9.806178979801451201e-02 -9.348090462500656395e-02 9.278386211912430237e-02
8.909039942630905817e-02 -9.967868439765208144e-02 1.953047039688951547e-01
1.173103184014831629e-01 -1.217684450825666370e-01 2.572016927835558686e-01
1.173200814997128749e-01 -1.198377407282557039e-01 2.507142662190339766e-01
8.554509323685498268e-02 -1.101280154823655599e-01 2.683260560362691130e-02
1.048188597133586225e-01 -1.165087256444207603e-01 1.172442030899783910e-01
1.016449472906359036e-01 -9.624153297162336973e-02 2.159904454789707828e-01
8.657028890910363483e-02 -9.021864017042456607e-02 9.491282059318030540e-02
8.746928934820566437e-02 -1.203814689919289332e-01 2.176531595234027228e-01
1.059853475350481938e-01 -9.889086368300332996e-02 1.635882056084017599e-01
9.051058526252818426e-02 -1.262143424531497471e-01 2.029455149954307036e-01
8.427265756184712520e-02 -1.133569216243662525e-01 2.077396205437223586e-01
1.037014096445525724e-01 -1.242892364942257272e-01 1.671109736385783529e-01
8.953976005696162588e-02 -1.264699711844729513e-01 1.815755367387134056e-01
7.493593073436358165e-02 -9.437546423831595643e-02 6.216039105773794871e-02
7.884274349067708909e-02 -1.185582826877324414e-01 9.568045995290196115e-02
1.046589012436719424e-01 -1.030081552817874307e-01 9.087204354513266080e-02
8.059604332269854066e-02 -1.177598184879422860e-01 3.738398179177863934e-02
1.040886034673468852e-01 -9.689755577217804006e-02 2.178069603172006763e-01
8.737271536001742223e-02 -1.052481129912496705e-01 2.496900916934441106e-01
7.612932541175758405e-02 -9.411804460028003194e-02 6.572900998589648047e-02
9.939762727222606342e-02 -9.876372650050292690e-02 2.606597003106622679e-01
1.029627682702717872e-01 -1.272191323432175503e-01 2.218851532494671985e-01
8.339530642171691377e-02 -1.079322032565255413e-01 2.215576523984580104e-01
1.061871784925546708e-01 -9.798583872417490626e-02 2.371071577990809531e-01
1.168390795238471169e-01 -1.103310122998716891e-01 2.380814383121885036e-01
1.115906134187225063e-01 -1.037686169175518480e-01 2.832044056355795258e-01
8.770359629917517941e-02 -1.038725526443610020e-01 2.438670922022804222e-01
7.424389378833647080e-02 -9.984964794728427850e-02 9.426977536385069967e-02
7.819019696460186020e-02 -9.838702838619921287e-02 1.259528183311292293e-01
9.255533670149636294e-02 -9.271541921235480765e-02 1.441602376427331134e-01
9.271539588266725085e-02 -1.265818214618358306e-01 2.542153939105121219e-01
7.464808241820639068e-02 -1.099191214777669734e-01 8.441811539288401889e-02
8.576506038654997666e-02 -1.216919116563598829e-01 7.171189675746107717e-02
8.143604693054760923e-02 -1.192550498887057220e-01 1.367456093122615401e-01
1.004242566376686852e-01 -9.649342086864688695e-02 2.321424079007695929e-01
8.121525439294713378e-02 -9.969348095797297971e-02 1.593372620164857367e-01
1.019897918305312789e-01 -9.964913572692217503e-02 6.285015641343182080e-02
8.773690823634058833e-02 -8.827494211920614009e-02 3.797128404394613244e-02
8.681504954894077308e-02 -9.228873619187394350e-02 1.207744890870986326e-01
9.364963268528145313e-02 -9.327393680297028922e-02 1.530215884729634324e-01
1.051328435067502426e-01 -1.249272532307441758e-01 1.939507705234325419e-01
8.190649943773736785e-02 -1.054648100516616949e-01 1.882828847050074250e-01
7.663141852821593603e-02 -1.146645911000817170e-01 4.325167028506671230e-02
8.369401013302481263e-02 -1.058764291875113339e-01 2.011945773691872080e-02
1.115615573404100391e-01 -1.022324479480242604e-01 2.138815899741457194e-01
1.018553638271036121e-01 -9.788048510328586915e-02 8.077501649836744957e-02
8.680253822602992941e-02 -8.857241086433831345e-02 6.231741215983264970e-02
1.034646481547690372e-01 -1.054367190264326876e-01 7.089712717022834954e-02
8.489518321800902656e-02 -1.236814868014067120e-01 1.196624411563604745e-01
1.024090556645609607e-01 -1.054440025012423759e-01 5.982970512647053929e-02
8.563694960287034086e-02 -1.234057559734000609e-01 1.781413024538893719e-01
9.882913563397963119e-02 -9.384714737432067744e-02 1.232194529798001925e-01
7.209316552175176751e-02 -1.049510849632368653e-01 3.684524614557209421e-02
9.735795513261449874e-02 -1.267320496982938527e-01 2.730426533295254865e-01
8.137707053237827615e-02 -1.190596002195637160e-01 4.256608103128189241e-02
7.446784216765038600e-02 -9.882970256997682112e-02 9.073924169778697923e-02
8.869059995650385719e-02 -9.819131711256764983e-02 1.768396973248148873e-01
1.094339027068483156e-01 -1.036318876033359149e-01 1.661385826146727918e-01
1.076248167415733564e-01 -1.239718016368538678e-01 1.945112396981824310e-01
1.058132344907836142e-01 -1.276275247129109447e-01 2.264779434858090745e-01
7.765947490854392676e-02 -1.015981169352342950e-01 2.102826818114320040e-02
9.633813670647299598e-02 -9.224653340005881108e-02 8.852012247716922744e-02
1.131784752041768843e-01 -1.217577189865711729e-01 2.179326629556078698e-01
1.084193299786305742e-01 -9.909942107921985988e-02 2.560724962879048494e-01
1.070324701360570452e-01 -1.258655785908644187e-01 2.188831941112305834e-01
7.854618434649113246e-02 -1.100371342208159159e-01 1.445554640700546511e-01
9.296225524401102724e-02 -1.274780540723819133e-01 1.894432575489188864e-01
1.036598072590653036e-01 -1.174115016057591943e-01 1.102003686589315551e-01
8.400178542559068318e-02 -1.052553692306481131e-01 2.187523687352269375e-01
1.058882153044573698e-01 -1.026971566599560043e-01 2.844697071722647186e-01
1.048406947404642020e-01 -1.258290744328269262e-01 2.072617753228668536e-01
1.185187759594379664e-01 -1.190166796711986524e-01 2.592656386643125699e-01
1.110576231268921715e-01 -1.245124611560139427e-01 2.201312997210435884e-01
7.998721147213215532e-02 -1.203323783215278636e-01 8.246204260495247629e-02
1.192730702097737072e-01 -1.202754516247864919e-01 2.742907892612400644e-01
8.924682410507542296e-02 -1.157056786550211130e-01 2.616933583845448830e-01
8.776727292186960183e-02 -9.278917548850112995e-02 1.275392719795671592e-01
8.195305368797858869e-02 -8.998521058166084052e-02 4.153777364326335236e-02
1.002862422972227302e-01 -9.526040217370998486e-02 9.281166345788903482e-02
8.878814504718829381e-02 -1.250873549168290966e-01 1.572767558609748928e-01
1.139335122355793067e-01 -1.039353818470055008e-01 2.327027737549604014e-01
9.489894904774763551e-02 -9.177793093082912967e-02 1.069264913242108650e-01
7.788189189852889882e-02 -9.857354715953953184e-02 1.239548137613585566e-01
1.005364213988341887e-01 -9.476189715071257902e-02 1.647302743448784967e-01
1.103373955459340250e-01 -1.057812663207944870e-01 1.671436487975935525e-01
7.370432408968435878e-02 -1.058626245246612613e-01 8.215407592312430618e-02
1.059409515220628428e-01 -1.247388859746538792e-01 1.929266211308967582e-01
8.532134737382947309e-02 -1.208958238261530760e-01 1.856345850330767266e-01
7.710848388426674860e-02 -9.531793588616090107e-02 8.891865220794233082e-02
8.407801292744424004e-02 -1.055058160861331029e-01 1.832646763837874823e-02
1.077330372414770088e-01 -1.040428138568549599e-01 1.385487510562237456e-01
7.757474141853069882e-02 -1.095938213367236985e-01 1.295624909599986108e-01
1.183794516484823894e-01 -1.202955870460945542e-01 2.622806816644487338e-01
1.114580267251056300e-01 -1.246905091029576473e-01 2.233908215957661758e-01
9.885866046274843777e-02 -9.404667687413989507e-02 8.999332043772374778e-02
9.344687683123098498e-02 -1.180929204799289339e-01 5.418719122190311654e-02
8.206104591549501226e-02 -1.151198607894752257e-01 1.675532583528705211e-01
1.085358634071707934e-01 -9.917971934118291477e-02 2.050394846058013476e-01
8.016695093986381249e-02 -1.201168406032635527e-01 1.086009129750473284e-01
1.054139233827501437e-01 -9.766481849223200562e-02 2.262998363914706101e-01
1.159366539251357048e-01 -1.218776305666726678e-01 2.482132124899653902e-01
7.979912427570258482e-02 -9.782345002333568684e-02 1.359364469553189791e-01
8.235001349275347660e-02 -9.218965659527882106e-02 9.421832929570213289e-02
1.034291353432252314e-01 -1.078566886642821770e-01 6.903468410628882390e-02
1.015877007723927361e-01 -9.569709976243327698e-02 1.728973236991817874e-01
9.992765121469214529e-02 -9.426524143751630058e-02 1.474512630792011725e-01
1.113571872169371729e-01 -1.018446595469621047e-01 2.221535541768877853e-01
1.188572899896120361e-01 -1.201821407442754674e-01 2.799059599076931248e-01
9.135647422145802554e-02 -9.599463210435407734e-02 1.766634414833721800e-01
8.969073337910983545e-02 -8.903277207977808305e-02 6.146133096229046411e-02
8.400554252555175738e-02 -1.149077774510710165e-01 1.961285454924165395e-01
8.653449448328130733e-02 -1.227276535478961927e-01 1.925929966722774445e-01
9.495019737517663982e-02 -9.764945678035982790e-02 2.170991348406522692e-01
1.073906387616353209e-01 -1.214323047144532236e-01 1.663848534833923531e-01
8.355139226336819047e-02 -1.043794283092336350e-01 2.094348365500447173e-01
7.901237430330682043e-02 -1.147301727192441556e-01 3.126207631276280846e-02
1.011181978581708468e-01 -9.558514781517601921e-02 1.143698619314362924e-01
9.163730077126852613e-02 -9.144758258010327046e-02 1.179458176758964166e-01
9.297772344835256164e-02 -1.115102011990364711e-01 2.813985846829817339e-01
1.056364021606589765e-01 -9.851524094894875683e-02 1.674451232615727370e-01
9.575785329411064251e-02 -9.244853674087724626e-02 6.969216772751535283e-02
1.028142654725951594e-01 -1.133702631019085222e-01 8.725882887682896716e-02
9.257132467101912565e-02 -1.023776043504030647e-01 2.571989671619853701e-01
9.222894308938713037e-02 -1.203410235794523386e-01 8.000713117777180639e-02
7.810406121344434793e-02 -1.102394524672132142e-01 1.353999666870434049e-01
9.473334692953319647e-02 -1.290238952384316629e-01 2.535252801113157539e-01
1.104146554691637916e-01 -1.257884817448951253e-01 2.297507332669505575e-01
9.989156343485001976e-02 -1.155020791184783596e-01 7.154144885461127812e-02
1.180080622291019010e-01 -1.206661758590526351e-01 2.583229699622322517e-01
8.978286126613438389e-02 -1.156169351480987734e-01 2.644779300041238956e-01
1.036265292435895324e-01 -9.756677534016491848e-02 1.304425911058260390e-01
1.010722809067562677e-01 -9.623786426370835312e-02 9.311479993728383198e-02
7.815858675205800132e-02 -9.896463962983348406e-02 1.283844207164163420e-01
9.626426650249701733e-02 -9.207053942770775101e-02 8.038949588888887055e-02
7.620217120765088170e-02 -9.954360637275803947e-02 1.124739307679368666e-01
9.549928077593794473e-02 -1.027390476623406129e-01 2.788563176911568742e-01
1.072406716562393225e-01 -1.039822189091960392e-01 1.325731668376078365e-01
8.107082093827876201e-02 -9.020507266491067933e-02 6.147446029838606052e-02
8.177195321125280136e-02 -1.156340564441972196e-01 1.608430773219948484e-01
1.122128272105080843e-01 -1.057115363667376490e-01 1.960101564184478229e-01
9.394132333546742486e-02 -1.004773939233022662e-01 2.446160054099051628e-01
8.601098823768664470e-02 -1.236171347749724231e-01 1.084850522014031982e-01
9.067077966452703752e-02 -9.011455846799601432e-02 8.291112084430729556e-02
1.043672205726991070e-01 -1.289993798709341555e-01 2.769543247094213290e-01
1.060476173941228284e-01 -1.249700762980375940e-01 2.021714089386855706e-01
7.898851596677235187e-02 -8.992154863231197059e-02 2.830303662071461529e-02
1.119683762734393073e-01 -1.014178267864470351e-01 2.698361959395524923e-01
1.172263137413546707e-01 -1.224696474913893329e-01 2.811446104944979041e-01
9.113259606285606385e-02 -1.134926571531859330e-01 2.798745643307171682e-01
8.515150466759296988e-02 -8.883199633100451187e-02 4.184829510900743565e-02
7.263601241359136929e-02 -1.037340641428564636e-01 6.333661730234965703e-02
1.049656169103908576e-01 -9.709355611859030177e-02 2.313437686397407100e-01
1.073249497064004548e-01 -1.068818146936095781e-01 2.860616964276125329e-01
1.064777028773801204e-01 -1.238269018204007504e-01 1.793185947361876087e-01
8.872561741092128973e-02 -8.870672567105568340e-02 4.511972233358571560e-02
1.020634910941799339e-01 -9.785836399174427380e-02 8.792767679072922837e-02
1.031602761631537218e-01 -1.282552282371212660e-01 2.788888823462999378e-01
1.123108500864420933e-01 -1.133294946277758064e-01 1.799685707759454134e-01
9.842314966821835709e-02 -1.262053879290401803e-01 1.650861419298614019e-01
1.035556528426573586e-01 -1.258067685423152060e-01 1.917137317740591762e-01
9.165260904530003749e-02 -1.271061022149818365e-01 2.020646479595686051e-01
1.049888772621774408e-01 -1.188141705638460083e-01 1.312663697850947331e-01
1.039379403649611233e-01 -9.972287745070534948e-02 1.034582783235216408e-01
9.716220882194985531e-02 -1.138554330412554216e-01 3.799038256178205453e-02
8.369090398371507866e-02 -1.083103518673314419e-01 2.013289769024814713e-01
9.138018249315500718e-02 -1.246947420205165580e-01 2.505064434474963408e-01
9.234404305987289896e-02 -9.768776956318006577e-02 2.686524335739971792e-02
9.534861481973337660e-02 -1.175526282806637485e-01 7.366973830466165551e-02
9.329812843414250767e-02 -9.499233144978513899e-02 1.842540595879197940e-01
9.666108820553755143e-02 -1.188286557882594768e-01 8.495162090820419787e-02
1.121078521890416374e-01 -1.033171408760258925e-01 2.041188357190726332e-01
1.126940745041468545e-01 -1.089610513202801528e-01 1.851285512747682938e-01
1.010513351980553143e-01 -1.062086677791275052e-01 4.538107846235262671e-02
1.137734301318760882e-01 -1.058985120640732885e-01 2.194255791733745187e-01
8.559184905797913301e-02 -1.221957979226332702e-01 1.831627044022508533e-01
8.500916993145633815e-02 -1.238953983371472861e-01 1.495686870645429600e-01
9.450810871779716238e-02 -1.159153178873140733e-01 3.183482208989354967e-02
7.631294569330816790e-02 -1.146366571771175458e-01 8.550343885961335377e-02
1.114492608872752893e-01 -1.015549065466602036e-01 2.407144007131224450e-01
7.376382571012490841e-02 -1.073362573727713598e-01 7.504789791747762395e-02
1.001026037219018144e-01 -1.155590329127180044e-01 7.470710175218923943e-02
9.928509167150582904e-02 -1.158235956416027446e-01 6.879187629234191637e-02
1.001933710596353555e-01 -9.570007318436112020e-02 7.875283166766934573e-02
9.914489763358851071e-02 -1.211938746501539377e-01 1.092051746788677141e-01
1.115217492203965793e-01 -1.234763172793055946e-01 2.141538561478936731e-01
1.067324582329603200e-01 -9.893134843460775485e-02 2.469749738988469834e-01
1.000348340343460291e-01 -9.678962953372483025e-02 6.028260417402819121e-02
7.570338408946124253e-02 -1.134309219689167980e-01 8.608419836074185372e-02
1.146086274718880332e-01 -1.139348416745754600e-01 2.089291046198777646e-01
1.167328795310621364e-01 -1.207019384205772761e-01 2.824571723876317386e-01
8.033838681029249751e-02 -1.193768820272617520e-01 4.791915075635526378e-02
9.694828944304936802e-02 -1.170052101245153131e-01 7.260855240838515190e-02
1.119714773958029597e-01 -1.193795125046077515e-01 1.935488485185946628e-01
9.316611343795641598e-02 -9.751332814889393519e-02 2.061934944219765142e-01
8.006273341132692789e-02 -1.146584210668453452e-01 1.399529425467393173e-01
9.763830557093214346e-02 -1.116669212506217618e-01 2.860588605758201397e-01
1.014695078242732196e-01 -1.276354733419030607e-01 2.219027440636626991e-01
1.039301639387857357e-01 -1.111496645543972595e-01 8.961834448384654872e-02
9.010693406832867569e-02 -9.820021376553714210e-02 2.703055650450553182e-02
1.147657515979884219e-01 -1.093043775318527783e-01 2.165028875983413259e-01
1.100587293918253162e-01 -1.066605616044591642e-01 1.534554268102160113e-01
1.032765752532885661e-01 -9.975261547305366849e-02 8.897553827364865220e-02
7.880795640396112689e-02 -1.186025139559491043e-01 8.622388633218086573e-02
8.792774144253091839e-02 -1.054371201501999311e-01 2.557055868978841962e-01
1.027689206073700567e-01 -1.176758776066881562e-01 1.057353165575145582e-01
1.026690423556175930e-01 -9.676220716886727025e-02 2.295089398221432930e-01
1.111166847989905893e-01 -1.183940208865804922e-01 1.867584191582241093e-01
7.308560028379658402e-02 -1.051300052210083213e-01 5.411109805964939290e-02
8.454321014414788171e-02 -1.198344684649110814e-01 1.795748845757991208e-01
1.047814517846721027e-01 -9.674138535659546068e-02 1.863499497309931696e-01
1.152495014788309652e-01 -1.043847567374014962e-01 2.682915328281950118e-01
9.924424278365910623e-02 -9.979418398335472562e-02 2.695710257929728182e-01
1.061959112220784290e-01 -1.086482248783503524e-01 1.072959982094977838e-01
1.160685646299890045e-01 -1.049974016469181343e-01 2.790821053349417102e-01
1.137953784029105825e-01 -1.165366791699313925e-01 1.970151584214755169e-01
8.540791580934488370e-02 -9.655778846587020903e-02 1.566511211001968829e-01
7.128650052450484498e-02 -9.984166038733581494e-02 4.355024730579432068e-02
1.028917149276806636e-01 -1.029666437144232394e-01 2.847591989384836708e-01
8.727508817395399077e-02 -9.884398513060843605e-02 1.739187794197327996e-01
9.690137944795795821e-02 -1.003086898425974427e-01 2.629045164173350602e-02
8.658059609673368628e-02 -1.081858769363362449e-01 2.520199335179830191e-01
7.599087909968396670e-02 -9.932076040469040024e-02 1.075886236246179906e-01
8.228752776360465093e-02 -1.157952197736616395e-01 1.673108581581848886e-01
7.438117517695480574e-02 -1.069487520653603918e-01 9.215060254476684087e-02
1.021262077343002561e-01 -1.194261317033867287e-01 1.135035715510498006e-01
8.299516021186660597e-02 -1.222502382437347379e-01 1.126998601552530455e-01
9.631499628816690695e-02 -9.284334715476545707e-02 6.705191417009680188e-02
7.754796215513601321e-02 -1.099960152129323132e-01 1.256150908401081345e-01
1.104153333775138024e-01 -1.003748515060281926e-01 2.345796938297993461e-01
9.281325611184627900e-02 -9.135631918760910020e-02 1.093877913449789463e-01
1.052509450206829678e-01 -1.131867081395461078e-01 1.050591234334314616e-01
1.133380388448826798e-01 -1.097372738343636162e-01 1.985043112288460421e-01
8.344935683392698533e-02 -1.101996463578248792e-01 2.198772842591888155e-01
1.091599183291660641e-01 -1.016494119325510453e-01 1.710936798192966291e-01
9.720227661758788773e-02 -9.417019690388332698e-02 1.770470665295901525e-01
8.066348405708945180e-02 -1.084724764400711305e-01 1.791336561315521325e-01
9.447574386650395284e-02 -9.162208211959500803e-02 5.530087205901072778e-02
1.075699099104974327e-01 -1.085491302854870443e-01 1.252359408870296897e-01
8.960329160524671543e-02 -1.262628831999099421e-01 1.788946143454293314e-01
1.122881653109088773e-01 -1.025277863104590848e-01 2.259069788497751197e-01
1.026571791612023304e-01 -1.266571240289652012e-01 2.173412539324415804e-01
9.335108241014158925e-02 -1.222392731253439252e-01 1.001684738209216718e-01
9.769413545348007433e-02 -9.983852176086262242e-02 2.614198146267358025e-01
1.109683422481187037e-01 -1.240354627553850037e-01 2.155617253498240959e-01
9.952131626951192522e-02 -1.277697743739038549e-01 1.989342213296795003e-01
8.912328066114273695e-02 -1.017692067766660796e-01 2.320475790590691145e-01
1.110384180342580268e-01 -1.053501082420614798e-01 1.739235817108205073e-01
1.019885553918401244e-01 -9.759581914836880367e-02 9.119943078244946433e-02
9.577446143502520159e-02 -1.218685127732570539e-01 1.036113304543878760e-01
9.411985807234077295e-02 -1.277117064607174723e-01 1.874186416726796589e-01
1.112268249387738106e-01 -1.124968793093339414e-01 1.658422729298154319e-01
7.947492281364830491e-02 -9.609143101120305730e-02 1.138309641756286572e-01
8.314913008383262305e-02 -1.135447093181027600e-01 1.909719096493416590e-01
9.574557126094365711e-02 -9.905838019658856630e-02 2.434836345881375153e-01
8.495817198826799421e-02 -1.191149562844257548e-01 1.891280199489593361e-01
8.989351227227153351e-02 -9.198416341274112673e-02 1.266151477793687474e-01
1.085769473204426377e-01 -1.028221319822443108e-01 1.483129746440120245e-01
1.020209699170670503e-01 -9.582381765209353752e-02 1.752611540640682808e-01
7.764417019881882098e-02 -9.554042389583938810e-02 9.281700064932885130e-02
1.063279596965183149e-01 -9.892589744500021598e-02 1.729887057339218603e-01
7.532003611295523537e-02 -1.058482952541154459e-01 1.130565152093358505e-01
9.288275746008961553e-02 -1.019236484100673329e-01 2.557137838508951599e-01
8.136244542844864314e-02 -1.204119224480707795e-01 5.787056739975415115e-02
1.047820165593608827e-01 -1.273241865269814921e-01 2.239935220607346678e-01
8.355665566556455537e-02 -1.230835491941079801e-01 1.193023075867250121e-01
8.125452985639020076e-02 -1.007919547099995899e-01 2.245201882575858371e-02
1.095834098905643789e-01 -1.012342136112144297e-01 1.880064240218272675e-01
9.430103737679937370e-02 -9.152086817539886732e-02 4.303998797317618724e-02
1.043697026227837638e-01 -1.249995198856227868e-01 1.808475820990705363e-01
9.591641869973273338e-02 -9.701271209021922193e-02 2.184510342264657234e-01
1.165614629457680657e-01 -1.217759933129288624e-01 2.519842553480205471e-01
8.866991524807071867e-02 -1.005202858291464468e-01 2.699206675539395084e-02
8.397663214138464949e-02 -1.055360443192803199e-01 1.891405648280783044e-02
8.322094525269592424e-02 -1.136749144776903891e-01 1.913232055275793653e-01
1.030084072897719111e-01 -1.026576103402214446e-01 6.537068276367678787e-02
1.019529154832737594e-01 -1.223730006223042871e-01 1.370075216388160766e-01
8.499413053585112843e-02 -9.194300288523529763e-02 1.078908895917864708e-01
8.289593039751011472e-02 -1.073863459626445832e-01 1.941273081215876273e-01
1.122281752118575171e-01 -1.156182208679291529e-01 1.825659516663888093e-01
9.285907585561860300e-02 -1.275594312278526821e-01 2.020433128843284187e-01
1.087095164982327805e-01 -1.032324304193130704e-01 1.587382882792837402e-01
9.003697163786499036e-02 -8.933382571653765425e-02 5.122067923215867236e-02
8.786571724332244149e-02 -9.866278777450727955e-02 1.751251519263423151e-01
9.504033445369562683e-02 -1.243496590867230051e-01 1.353486637579278951e-01
8.868783924058444568e-02 -1.034124229128981776e-01 2.483550780196879804e-01
9.962104226394058459e-02 -1.301894732803306198e-01 2.469207413037562693e-01
8.944570818721066241e-02 -1.264191907809659732e-01 1.883264186456728717e-01
1.062633109324512409e-01 -1.233913622060649751e-01 1.759040675324232694e-01
8.637550349637553027e-02 -1.083611324964024181e-01 2.505403325667066583e-01
1.187790338653263583e-01 -1.186136173832242902e-01 2.803401052497545010e-01
1.044148630577978604e-01 -1.027411690314596754e-01 8.760715148747909298e-02
9.291906622585252573e-02 -9.075151645410310663e-02 8.199876247103100868e-02
8.644919234848864875e-02 -1.219927424778101260e-01 1.946516388497636640e-01
1.194757689428481706e-01 -1.149325440982195828e-01 2.679865543472831901e-01
1.087969675957285581e-01 -9.964106857964269426e-02 2.225899491280594611e-01
1.082895159364855864e-01 -1.002881405584124114e-01 1.772559354964849121e-01
1.148479058749139192e-01 -1.046979053871624210e-01 2.489129936942893750e-01
8.156030320246160370e-02 -1.177705547147180343e-01 1.462368393082267015e-01
1.091757357894315855e-01 -9.974830236400127059e-02 2.648687864287349591e-01
1.173818841474890962e-01 -1.124518093647334793e-01 2.389267947866429986e-01
1.046539434543374142e-01 -1.123813153970395218e-01 9.996225792921156761e-02
8.839963124696960384e-02 -1.234196078106852001e-01 1.005356089038156736e-01
1.055497070791060338e-01 -1.119080045472933549e-01 1.060646017298080279e-01
1.056556984074623340e-01 -1.268448893632958818e-01 2.226999829044254975e-01
1.010930096355647789e-01 -9.592081768947638420e-02 2.131080684728902386e-01
1.167958630396603720e-01 -1.066758932034399532e-01 2.613491494438802132e-01
1.092565496255259311e-01 -1.217081175241184754e-01 1.877807051286146112e-01
9.076352268918805311e-02 -8.912578653574343424e-02 2.945333342631245230e-02
9.511992506511396384e-02 -1.238481426369027194e-01 1.234042719093996487e-01
1.010381162331564636e-01 -1.176578634293466014e-01 9.437740174781462932e-02
1.187442926828587153e-01 -1.116252643575909864e-01 2.648487388512354990e-01
8.662045207124111079e-02 -8.887292889562410647e-02 6.910131693177599954e-02
8.755715999033568397e-02 -9.241110947259770225e-02 1.231898050175969511e-01
8.026935070018291485e-02 -1.111160656413597847e-01 2.718240843673477847e-02
1.028282499397722149e-01 -1.163815428105698657e-01 1.005604220648533970e-01
1.118002577292518673e-01 -1.166448302348198907e-01 1.805237322141294287e-01
7.217125394694445806e-02 -1.035574785590792496e-01 4.669001456351677681e-02
1.130347537188876456e-01 -1.102859471771272803e-01 1.874311832651820442e-01
9.676104781772734698e-02 -1.277861368127918562e-01 1.890447152115188323e-01
1.053880257004496668e-01 -9.758820419221354847e-02 2.043600898421779333e-01
1.005025358032510668e-01 -9.571462120970015974e-02 8.956775204182457206e-02
1.149882135231811153e-01 -1.207618277012262736e-01 2.298929521957732425e-01
8.075129896859215006e-02 -1.202686628607942260e-01 7.704405089940265239e-02
7.486995580356557711e-02 -9.940647189342018131e-02 2.511038246382808758e-02
1.161240236721661906e-01 -1.220512033491351483e-01 2.505726771828521993e-01
8.766531681474649951e-02 -9.686004651835143642e-02 1.688540955483677775e-01
1.051870550960514600e-01 -9.795933103306035672e-02 2.424709368465092774e-01
7.937128948795398042e-02 -9.736973322086021898e-02 1.289836157087148050e-01
8.139989034841764448e-02 -1.204273191436222579e-01 1.283614841944993035e-01
1.027200595382371101e-01 -1.306256905407210123e-01 2.587646375087638839e-01
1.166447894512599864e-01 -1.222982211724736729e-01 2.550323827675662347e-01
9.512131006081725459e-02 -1.269188306019813639e-01 1.681856471264241148e-01
8.769090037096941015e-02 -1.250116057367821609e-01 1.501562659878222239e-01
8.731887634877077975e-02 -9.885283298802088892e-02 1.741240386682174346e-01
1.049320233242060640e-01 -1.182422449914977552e-01 1.244572430320426137e-01
9.149625873981594160e-02 -1.191958887127881200e-01 6.189474043688626692e-02
8.118327517852594322e-02 -9.863569889566863036e-02 2.583347402057378783e-02
9.915419037866826657e-02 -9.765071010466706836e-02 2.494565100473422892e-01
8.611495962314415220e-02 -1.216011779950205152e-01 7.314806253051900353e-02
7.281716176733936396e-02 -9.256544716985272425e-02 3.319612431842575845e-02
1.101380142565188819e-01 -1.001463819111777370e-01 2.758939241153498534e-01
1.006508581628133975e-01 -1.216103848336748672e-01 1.174330597344493271e-01
1.043717659125353719e-01 -1.068687587404526240e-01 8.639737386229688620e-02
9.734354776275605525e-02 -9.340161203959576608e-02 1.386797984059463806e-01
1.027735799148895568e-01 -9.951484703762117356e-02 2.803885104964304875e-01
1.041423556422159252e-01 -1.004793055463703288e-01 1.018984229229114025e-01
1.173005390831965561e-01 -1.093016613128722364e-01 2.538104159795174786e-01
9.311005207654646232e-02 -1.168152545170905859e-01 2.828423765366245290e-01
1.058540026795573158e-01 -9.776062575553394474e-02 2.270021894976555488e-01
9.726987896249549015e-02 -9.499950802597106891e-02 1.932157606039183184e-01
9.970296763642245985e-02 -1.287757626828669455e-01 2.247689784262168478e-01
1.146911883877873573e-01 -1.036513185823913219e-01 2.766722274172145890e-01
9.294654576120234268e-02 -1.274120548570920330e-01 1.984138777016702659e-01
1.084844255387347883e-01 -1.183769900303555667e-01 1.599177541432841576e-01
7.189531564625337157e-02 -9.954209325997685764e-02 3.042688675903740259e-02
7.440282294727448842e-02 -1.098942727568976846e-01 4.432349563244962487e-02
8.131024836584094251e-02 -9.950913928966054200e-02 1.591775007254065122e-01
8.679670008315364116e-02 -1.232661730335135319e-01 1.930213368733123547e-01
1.057833005678208843e-01 -1.223014166352404397e-01 1.619885625235366333e-01
1.034410630649837820e-01 -1.176290137965357585e-01 1.097656259000799189e-01
8.318820661099574076e-02 -1.041422454483372229e-01 2.003413239311567229e-01
9.338644700861822856e-02 -9.775603346982987552e-02 2.680132427870776310e-02
9.113290597977655172e-02 -1.228685186574015459e-01 1.008537996919098290e-01
8.455810331164015370e-02 -1.079849986211653262e-01 2.403945934400405493e-01
9.915701609939658878e-02 -1.257155461210987812e-01 1.615330034992721597e-01
9.907209146323772697e-02 -1.256935418365656421e-01 1.592251416659744012e-01
1.012358598651967728e-01 -9.503425360525830090e-02 1.647614521245590602e-01
9.213488447541143267e-02 -1.026711511206449823e-01 2.576656949897543902e-01
7.667974487659309779e-02 -9.485681644687979364e-02 2.729920661306057400e-02
8.250074851381056229e-02 -1.225625130121385103e-01 1.221916606213845624e-01
9.600488750187635700e-02 -9.304506664220713041e-02 4.292042388224741323e-02
9.823826441240543494e-02 -9.566552760055427318e-02 2.081888995787852525e-01
7.839868803534767727e-02 -1.065772541049154198e-01 1.573774356131757424e-01
8.073918782506941949e-02 -1.102741955521330530e-01 1.735785747857285233e-01
7.619586777730920357e-02 -1.033633461231912853e-01 1.346004939210951323e-01
1.058613572840207823e-01 -1.126306437835209728e-01 1.158762688786403039e-01
9.174283176680998741e-02 -1.179745465840831842e-01 2.719933428763515182e-01
1.033836382549987443e-01 -1.064408607256087380e-01 6.737447202757332332e-02
7.620628196728924941e-02 -1.072865400592891566e-01 1.198299011689725191e-01
1.172271135733156250e-01 -1.208936117496476059e-01 2.531305959558375340e-01
8.212944092883851799e-02 -1.207366284079373631e-01 5.799338605790933798e-02
8.465034526453255048e-02 -1.039226972702843310e-01 2.296989469127133296e-02
8.103060338248772865e-02 -1.037690301852693259e-01 1.785826752712195431e-01
7.288120390303079454e-02 -1.018923261248139145e-01 8.390252876834135287e-02
7.165108082415228008e-02 -9.750792284040908642e-02 5.301298765466597868e-02
1.041116946144114846e-01 -1.219061734210745152e-01 1.468237070230740404e-01
1.104442408465890757e-01 -1.118562045136945321e-01 1.525079108187099852e-01
1.191682381069364555e-01 -1.115079530641674560e-01 2.782727351268297622e-01
9.095097870507173887e-02 -8.946881751889913803e-02 3.241418809269210749e-02
8.175272649726635088e-02 -1.118245302057005869e-01 1.800016925220710717e-01
8.980030050193094082e-02 -9.014755715871648756e-02 8.682318907231549587e-02
1.022490293065428379e-01 -9.692416336715652114e-02 2.246757178016489942e-01
9.870284129961591491e-02 -1.138665145088168240e-01 5.126805484615006014e-02
7.133170467620776611e-02 -9.460311194423469405e-02 3.869275589209100058e-02
7.631551195611804839e-02 -1.125138941564415296e-01 9.722171506025428789e-02
1.025203354168718606e-01 -1.214080420863142135e-01 1.336586248117214715e-01
1.009370250480880610e-01 -9.530842033435989180e-02 1.864475784370639710e-01
9.182876380792776017e-02 -9.947172470447271375e-02 2.196399437761647200e-01
1.010377241742946436e-01 -9.560338572880129615e-02 1.915009473350841041e-01
1.002046316780281637e-01 -1.275652660780519365e-01 2.014287131927207375e-01
1.049877979997184546e-01 -1.044516581235248598e-01 9.308225954472447439e-02
1.032084632541601654e-01 -1.040296860867330336e-01 6.587984209125823110e-02
7.460780875672692880e-02 -1.054506993348752614e-01 1.022897591650634708e-01
9.880867407918618450e-02 -9.416684192738905557e-02 8.180148602614165099e-02
7.867525152455723259e-02 -9.154287053407157704e-02 5.741791842486456549e-02
9.123459889059484795e-02 -1.017399388641598429e-01 2.425339689970376911e-01
1.030314042765578531e-01 -1.099298341188803679e-01 7.272242600082286235e-02
1.003905895065980575e-01 -1.237420546305225688e-01 1.433116508958338919e-01
9.433673421315802443e-02 -1.275819225550975100e-01 1.809280694125749989e-01
7.194661258192701359e-02 -1.009893360925010614e-01 3.147042489124179249e-02
7.852505529284607710e-02 -1.017621782703129335e-01 1.918199015092827281e-02
1.007499449226561539e-01 -9.533282551550584238e-02 1.735727797799148653e-01
9.951787437402004333e-02 -1.284109630238816913e-01 2.072065767376565226e-01
8.234545826060261919e-02 -1.217914565736695348e-01 8.660818947720634597e-02
9.485786227216180810e-02 -9.213219755404797318e-02 4.806020954752594082e-02
8.126637392323163289e-02 -1.086393730829831039e-01 1.856984641635539279e-01
9.898292317802898088e-02 -1.107147822352246569e-01 3.877047026041152700e-02
