1.131025559140872438e-01 8.676868675004813236e-02 2.264324609989321613e-01
1.096366910411377821e-01 9.713093331606577341e-02 1.699330281181632707e-01
7.729561755875566376e-02 7.793543054303914142e-02 1.038827286920357557e-01
9.847357574535392510e-02 1.013805889544712041e-01 1.378398132252155461e-01
9.463697286777625339e-02 7.973875232381129330e-02 2.318226463835117712e-01
8.051458995289917375e-02 9.396153579058838523e-02 9.388226354215441216e-02
1.017451469830080724e-01 7.015862644847449536e-02 7.466802206862292735e-02
1.109756942749679648e-01 9.421824082728548488e-02 1.713586174953391217e-01
1.106091327310185363e-01 1.077536556949793278e-01 2.286957742986445163e-01
9.895568418861833138e-02 6.728782821604671616e-02 6.321252281485666147e-02
8.778167174967248243e-02 9.111358065200295120e-02 3.154621446594211426e-02
9.991240247463926971e-02 9.531371756745914137e-02 1.032887382546936184e-01
1.022668262478090007e-01 9.160179885783743814e-02 9.347402830874008972e-02
1.126995840954847367e-01 8.918145675868134614e-02 1.920875834351671030e-01
8.735800454025811901e-02 8.922896482745955316e-02 2.304188523330321647e-01
1.049478698241437247e-01 7.546781731040290431e-02 1.560560420350831090e-01
1.046120458641801171e-01 7.814299717864031658e-02 6.837407371499736042e-02
1.070357529587383644e-01 8.814326254377793934e-02 1.163248192815157511e-01
8.884590980875443911e-02 1.042170115746899328e-01 1.861639931844419338e-01
7.394955136247952088e-02 7.968007331400825399e-02 6.477109196915656342e-02
8.376870195991889534e-02 8.303638555715338321e-02 1.798675831735687125e-01
1.069573599951340465e-01 1.038676912438405847e-01 1.869816174934134656e-01
1.093246888406589207e-01 9.144053787185778270e-02 1.458400161368011982e-01
9.894526371040944512e-02 8.648892519561349190e-02 4.724364590149468524e-02
7.891158471825152065e-02 9.040253709922391190e-02 5.937206493185732264e-02
9.968693466702470418e-02 6.723445013692892769e-02 5.298583769862306309e-02
8.923893678397069873e-02 7.769456247408419725e-02 1.962469444053851764e-01
7.410970439459092785e-02 8.288837442767239827e-02 8.059335150028197614e-02
9.964564388252163118e-02 6.721042831061353751e-02 3.625583241383684846e-02
8.886510717565219986e-02 1.034796920122313946e-01 1.572032829671505816e-01
8.374584108438794250e-02 9.233727075168610132e-02 5.252790949368982970e-02
9.721750772029885690e-02 8.798131998185079738e-02 4.659091521516808138e-02
8.108689271068302007e-02 7.449084243347314782e-02 1.281947419231408702e-01
9.418867436460713616e-02 6.247510508047895289e-02 4.723425406696679651e-02
8.607751607633527813e-02 7.580459095464997521e-02 1.799864132020018992e-01
9.416970054137033252e-02 6.206135222888316261e-02 4.374250573926084795e-02
7.591263128796524318e-02 8.993816274221115570e-02 1.114391557935387328e-01
8.216801308392514269e-02 6.510553796372052504e-02 7.580915548202776799e-02
9.947116680767566221e-02 7.538508360729273550e-02 1.876503418940225210e-01
8.310678524721773486e-02 9.624875564180021548e-02 1.964429434388043350e-01
1.014192337322556287e-01 9.824094383744584602e-02 1.278100573868250212e-01
8.690672351684926300e-02 9.772869241860596135e-02 9.260000620786855430e-02
9.539729667667726232e-02 8.389169564553683456e-02 2.612859766223701863e-01
1.053066829408637467e-01 7.751439741718868515e-02 9.475176551217816268e-02
8.915266231528110041e-02 9.299379901615285882e-02 5.171394095670022589e-02
1.061245231331287980e-01 9.758651878461654938e-02 1.491928902083571595e-01
1.073095742137094993e-01 1.136867820957086495e-01 2.528238544731504223e-01
8.940883626924349403e-02 8.219767041806175234e-02 2.265880533100307070e-01
7.432300097154435903e-02 8.567860424236210803e-02 9.677639334258948678e-02
9.873683212848524682e-02 7.314587806594573249e-02 1.666571152722672866e-01
7.805762912887821703e-02 9.234813982098055707e-02 9.590342916878284718e-02
8.269273294069878766e-02 1.000050451074703806e-01 2.014328747762179628e-01
1.130163802931414413e-01 1.031624799585200980e-01 2.223113227974460593e-01
9.827142905329264155e-02 1.138888630529695106e-01 2.429991121923385233e-01
9.277315788810797104e-02 8.039887168000871276e-02 2.318999740365978446e-01
8.705656084345093915e-02 9.422938933155064478e-02 5.777043576386759610e-02
8.532193431339409051e-02 9.837245563263485870e-02 1.263453158754180017e-01
1.063711689150390466e-01 1.058001159893913190e-01 1.952513071243674181e-01
8.580581758319698327e-02 8.220454556313859518e-02 1.953240567690932572e-01
8.319048160126163438e-02 9.575138278384623391e-02 2.095495023598176187e-01
1.077163925975961750e-01 1.160132240286321226e-01 2.697594628764488633e-01
7.801358363086913217e-02 8.684635550235039747e-02 1.407416839706674416e-01
9.269935224734833501e-02 1.044767441837587130e-01 1.553443422741692947e-01
8.263441443017695287e-02 9.899309798542346717e-02 2.153370298085649781e-01
9.501177296890095381e-02 8.842144674807719817e-02 2.702798996901721873e-01
8.881143478318856421e-02 9.597593700711092024e-02 2.604047847436768426e-01
8.493419124453983893e-02 6.564905270888084232e-02 2.811059135284765809e-02
9.981752507518748541e-02 1.067681247480104095e-01 1.798001005164155397e-01
9.750228193213233974e-02 1.132768024437325327e-01 2.366434718669825354e-01
8.772005762262140294e-02 1.019536028836045410e-01 1.453564499223692907e-01
8.045631826354861238e-02 6.601284869565735014e-02 7.554165997024883672e-02
9.419936094212796873e-02 7.453041477346813992e-02 1.866654217731443521e-01
1.000864559184973523e-01 1.101676907186855819e-01 2.059265059879821780e-01
8.464092870598846630e-02 6.939875604167244916e-02 1.246967814445070905e-01
8.435356164477293694e-02 1.018060297670449477e-01 1.813715371518441755e-01
7.643701205658723352e-02 9.077580375593609363e-02 1.191396121005367098e-01
9.639761533529787874e-02 8.913698779908055259e-02 4.780809438037384590e-02
8.479261218685600621e-02 8.027943208192174496e-02 1.809376236729540455e-01
9.865633632269009412e-02 1.064512897258580587e-01 1.759448508683682244e-01
1.117085080782279638e-01 8.551489213634855258e-02 1.835457515605299628e-01
9.654045722518539430e-02 7.310719538249789429e-02 1.715164051833883985e-01
1.059498831918982004e-01 7.643445681337433795e-02 1.196148577472964103e-01
8.594249957071885271e-02 6.042947624056318329e-02 4.138700649504920004e-02
9.935229541738051229e-02 1.062164665235267175e-01 1.755406611642458536e-01
8.148612167507446324e-02 9.463933030394176826e-02 1.882081308795860164e-01
7.915303428806767794e-02 6.402837373236656970e-02 4.059918190769435525e-02
1.057012858252255882e-01 1.161360205668003909e-01 2.661942390683347259e-01
8.800179819643026702e-02 8.732237802988558617e-02 2.304608956632372696e-01
1.051324594574560151e-01 1.154926767368699564e-01 2.803842172538086874e-01
1.022104279311432523e-01 1.136024198031683474e-01 2.416533118850967832e-01
9.086310812720195529e-02 7.240995797516248944e-02 1.593200998801881929e-01
9.006496886644695110e-02 7.541140656494384198e-02 1.858351781345750353e-01
8.484598480368223117e-02 6.765709194685848304e-02 1.130755490333417712e-01
7.923309116909352245e-02 8.749982852373032471e-02 1.539014397289840408e-01
1.074124866646700982e-01 8.463348476769003148e-02 2.498085416380559642e-01
8.442589220165135078e-02 9.522134810846845376e-02 7.908980485590681730e-02
8.976702038915769510e-02 1.057439335295277949e-01 2.078484805926836543e-01
7.773847626397144273e-02 8.151542003040486428e-02 1.181221654182007669e-01
1.013527228428228455e-01 1.135015389795658858e-01 2.373814750288885944e-01
8.326734444530015100e-02 1.001475891150787612e-01 1.579768384898115607e-01
7.543443352939571689e-02 8.480510641511196379e-02 1.058334991663105185e-01
9.074449932112563233e-02 6.916853382842265419e-02 1.357420385836451415e-01
1.022559805539354910e-01 1.102693787159103878e-01 2.110774101115774071e-01
1.001356568615913156e-01 6.993812880813350674e-02 2.751657307574153707e-02
1.070038917321822353e-01 7.832336386505647785e-02 1.816778157326102150e-01
8.494201453098607080e-02 9.350548081830852010e-02 5.639265636674743037e-02
1.007059138978243229e-01 7.774819229761908979e-02 2.060294862461437004e-01
9.488052638930870308e-02 7.899000575416299796e-02 2.260889763084992787e-01
8.556463760129080776e-02 1.058776463032987808e-01 2.493139560891327322e-01
8.989865901744871490e-02 9.056822701296265987e-02 2.552430404751583892e-01
1.063193624781708368e-01 8.156420992376513246e-02 2.262408346001446025e-01
9.492273099184767027e-02 6.996459299716223379e-02 1.351955961597769706e-01
8.968891199830582306e-02 6.528196403036350126e-02 9.612727294793925459e-02
1.107533216173719193e-01 8.632758500799386780e-02 2.506239846371357549e-01
7.919225011832931038e-02 9.239695912070056139e-02 7.964002845369029526e-02
1.056271711681128211e-01 8.799834750394350258e-02 2.814510400205554319e-01
8.014039969608166558e-02 7.244627366172394500e-02 1.128570848974611573e-01
1.009668893123436689e-01 1.072445092666187427e-01 1.884285976904777338e-01
7.904918158957557894e-02 6.567635800992301098e-02 6.040028051162749101e-02
1.036121979302696144e-01 7.275536249682415524e-02 1.051476995247222768e-01
9.081621066896032601e-02 1.104707466863068394e-01 2.574349704412606799e-01
1.174163274868673390e-01 1.033890279032933929e-01 2.652989737141065452e-01
9.117912089293561673e-02 1.121896910870261443e-01 2.725314385031264997e-01
9.144615356966298569e-02 1.074801004677913979e-01 2.146766702758328704e-01
8.807340893235088286e-02 6.604161881649031618e-02 1.045715682883803371e-01
7.627794994729747424e-02 7.723668099157787736e-02 9.353930342137251053e-02
7.613577919485509105e-02 7.285547829353344884e-02 6.282918072031848378e-02
8.934698946615510229e-02 8.827024197615246370e-02 2.473290974549423593e-01
1.025284305206454749e-01 7.553402716316735821e-02 4.105752425502567915e-02
9.860952734266813235e-02 1.165907512647603728e-01 2.751842674698783409e-01
9.156913368111151141e-02 1.110210826713834975e-01 2.603610865752728487e-01
8.651717548631654431e-02 7.014086020948634426e-02 1.332886814315994428e-01
8.607689495726181250e-02 7.396296493394315108e-02 1.629286667229147278e-01
1.043656108090483398e-01 7.377605000266271307e-02 1.185601209459290900e-01
1.141195124453614623e-01 1.078255325283067056e-01 2.531120138148246212e-01
8.135668698287508438e-02 7.511047480114446673e-02 1.806066685999678512e-02
8.248664719430007231e-02 7.700181331748305602e-02 2.334745581842677387e-02
1.059694129136532076e-01 8.223617078285032356e-02 9.997012398338393779e-02
1.018165652197543652e-01 8.273834648069061659e-02 2.540940488703838929e-01
9.406617729040236964e-02 7.299796839170780149e-02 1.716848533469072791e-01
9.712895324567680233e-02 9.277491148055903858e-02 7.346429164496104391e-02
1.162627861480571706e-01 1.023871916896812173e-01 2.813765162161757649e-01
1.091883753768768534e-01 8.470482030637571658e-02 2.368480519896156433e-01
1.028791022800273208e-01 1.081549819232069665e-01 1.999249629687334107e-01
7.856723477244281773e-02 6.577201014653605293e-02 3.245440053898243637e-02
8.817538849442259352e-02 7.610268013805525367e-02 1.862960743515704454e-01
9.941455179161801103e-02 1.020280585026514669e-01 1.438042732855334682e-01
8.146229945529583072e-02 9.887903224655676671e-02 1.748687053773091693e-01
1.039472460420659411e-01 7.369742482109446768e-02 1.325341064962413384e-01
8.104637794300477427e-02 9.094481275228676054e-02 1.797629822171755432e-01
1.073322885635907692e-01 8.244477568083187491e-02 1.179520741996248345e-01
8.053293315173418176e-02 9.599002863615443970e-02 1.246122222753935915e-01
8.865723024317151424e-02 8.618804972666158082e-02 2.567196639840812686e-02
8.852677746130382941e-02 9.558828593603876933e-02 7.244708203869468233e-02
1.152829380668161374e-01 1.098318116289798002e-01 2.784440421260681586e-01
9.536326407551287687e-02 7.038451307855250749e-02 1.379854195382562987e-01
8.232678211807513413e-02 9.099725727696125754e-02 1.912272359284923895e-01
1.032956789806630249e-01 8.505770184455639649e-02 6.825061731533493825e-02
1.025394425998605030e-01 8.080720464126353586e-02 2.185383527880847554e-01
1.108052557349862577e-01 8.803666255691609821e-02 1.501327016892646804e-01
1.010622967814168299e-01 9.463677741805043286e-02 1.044502726198565101e-01
9.145680036099940180e-02 8.610292981730785500e-02 2.547835664755459389e-02
7.797123388360294172e-02 8.819537959933645976e-02 1.450261058948908444e-01
8.983502109701059501e-02 9.405193615389630113e-02 2.598389768259944943e-01
9.234112069617696206e-02 1.070822881880867522e-01 2.091408448042008095e-01
1.133558346074557271e-01 9.041122330701184540e-02 1.964994490465973853e-01
9.102476549483300150e-02 6.107109098964769861e-02 4.688801541239367293e-02
1.108675210413544582e-01 9.367263455453687937e-02 2.845261617584877722e-01
8.417071419791513631e-02 1.034013210509217989e-01 2.418141756920447472e-01
9.569013174257381960e-02 7.417314857281287477e-02 1.797812957858803407e-01
1.046002304225503027e-01 7.934674617787748629e-02 7.123388767133473354e-02
8.505433867341068155e-02 7.236063881634960393e-02 1.452012726348061999e-01
8.696689897252761481e-02 1.060928130383495122e-01 2.205554877548450698e-01
7.477263070731243744e-02 7.983932066927551530e-02 8.106253528229838412e-02
1.030487336113452695e-01 7.223536077314485215e-02 1.164980551162742295e-01
8.034132605690917639e-02 9.610473469129797441e-02 1.235985536822791914e-01
1.145143679536897996e-01 8.969137666703834444e-02 2.542412574297318040e-01
7.581717082315285461e-02 7.380740533855362218e-02 6.677872945513574354e-02
9.712461981043724046e-02 8.781192796605476192e-02 2.732862304144059729e-01
8.563259246854824924e-02 7.552809704720515882e-02 1.755849268239854377e-01
9.747044011428283861e-02 1.073634880885556836e-01 2.844393714743314039e-01
1.100185032391858830e-01 8.233827623933261119e-02 1.711186829043459257e-01
1.138114145529595111e-01 8.914746073843796137e-02 2.719872816752981759e-01
9.075061289820472721e-02 7.391319633561288516e-02 1.749711721212779680e-01
1.035800275160114886e-01 8.375042190656788177e-02 6.661680787823066885e-02
1.069783605508515256e-01 9.550454691886837988e-02 1.443299999922917076e-01
8.361485180479573398e-02 6.163567720172444253e-02 3.403430630010145092e-02
1.112762802356522390e-01 8.753635613558256867e-02 1.740004495925864536e-01
8.589950471108384611e-02 1.010337896920243672e-01 1.499533701351973281e-01
1.058095159215943631e-01 8.395870540662013493e-02 9.433108283714593256e-02
7.604779009408602075e-02 7.133978260795337256e-02 3.365126745000274200e-02
1.101451234281461411e-01 1.055209393732177148e-01 2.150532377267800332e-01
9.116429998741415464e-02 1.106941001442878353e-01 2.584918859286077786e-01
7.875970139562683825e-02 9.126308809484476314e-02 1.598575079508724184e-01
7.314219253109745245e-02 8.498874536852213391e-02 4.295284204798956174e-02
1.081737556632386410e-01 9.483852931813331610e-02 1.515235871341805984e-01
1.098967650179353828e-01 8.238177855718349651e-02 2.028270295054747652e-01
7.938227576621062487e-02 9.392441977075208226e-02 1.029329935313159639e-01
7.763483303609486352e-02 8.799704715223988227e-02 1.411372367427038699e-01
9.297862276108226354e-02 7.442414589729426377e-02 1.848127941620943127e-01
1.095709678413359089e-01 1.109967121488509428e-01 2.451103436738824859e-01
9.652788182880200907e-02 1.093378889689432393e-01 2.100295692549134507e-01
7.953748189111638223e-02 7.187933091433978960e-02 1.062756745686674609e-01
8.810354424186955802e-02 7.547324414363261458e-02 1.816449982827762488e-01
1.115994882761732337e-01 8.800053294036576379e-02 2.681528226822395555e-01
8.598651476431461160e-02 8.244912936797060832e-02 2.626559468509376272e-02
1.105787307856832963e-01 8.545238643171991499e-02 1.513389057435439722e-01
1.047142277187392972e-01 7.497001842436781804e-02 1.490896558470481137e-01
1.095797434774821999e-01 1.122061945337569644e-01 2.535344265126603380e-01
1.001081599432996350e-01 6.925448002845246975e-02 7.952950554528781524e-02
9.828962745255294398e-02 7.931509975068064267e-02 2.289780021249236130e-01
9.321414203919366204e-02 6.224754459818260255e-02 4.971214718533552290e-02
1.012306718696182051e-01 1.156602558473757841e-01 2.531314070654738790e-01
9.818953490832971198e-02 9.576128336483019643e-02 9.807956860381768227e-02
8.541897831212325043e-02 8.094183792878296979e-02 1.887803690066016948e-01
8.448586118057402339e-02 9.439382401883170126e-02 6.482752086329822416e-02
8.676629101745855777e-02 8.559218312245660265e-02 2.134101437315870653e-01
7.772792002005979306e-02 9.089210380106627074e-02 1.486657211609491713e-01
1.021167522167323871e-01 7.502831777909155231e-02 3.684951115335152044e-02
1.017111846204270253e-01 1.017676051146086252e-01 1.527869955119243173e-01
1.080045974044521045e-01 1.119640707547531894e-01 2.454247486734741912e-01
1.023420758077123738e-01 7.079330604119257742e-02 7.286425769793107576e-02
8.215889530050549117e-02 6.707630702282120494e-02 9.845109035682078624e-02
8.323047175078057691e-02 8.562895076675194894e-02 1.828423090669122897e-01
8.155393396721644095e-02 9.337943417058584827e-02 1.888845104114725837e-01
1.044733066602150928e-01 1.014952643109278546e-01 1.632140740702068826e-01
9.130837122154931984e-02 1.109117563147540286e-01 2.605857162617800649e-01
1.129745672792014655e-01 9.139464881527951945e-02 1.926389084167708654e-01
1.159614730827624174e-01 9.631850582273501771e-02 2.816145250072288886e-01
8.182665666531788173e-02 6.874346790761287629e-02 2.746106015478315399e-02
9.787252244662844602e-02 1.045742337824189377e-01 1.595815541951333960e-01
9.410506912863102202e-02 9.347536952363993956e-02 2.749184823209808171e-01
1.081862741251558430e-01 9.285735764356035926e-02 1.428074398911329534e-01
8.731537507624838323e-02 1.019474337872903758e-01 1.690260828278716265e-01
9.092005492154391078e-02 7.267687019175246566e-02 1.614467834661203471e-01
8.037817668641319968e-02 9.694546711819482243e-02 1.380835876436200538e-01
9.617095416099577521e-02 6.639147852535354222e-02 6.627402666616455384e-02
8.849169535174269963e-02 1.056201745986610346e-01 2.123210463354857080e-01
1.114405434977986248e-01 9.865636509125329245e-02 1.903566779034171486e-01
8.646193391775111592e-02 9.444824758175081325e-02 6.013541308151403725e-02
1.014744218754161653e-01 7.591022407998494759e-02 1.851562310371372422e-01
8.016920386921985719e-02 8.384034773729422130e-02 1.506128254173069725e-01
9.120387320605582993e-02 1.095232870867344915e-01 2.313993389691429425e-01
7.928203616993381719e-02 6.850949370560829865e-02 8.137205895155234792e-02
1.037369725751204896e-01 7.403106774357265385e-02 1.484192126303524040e-01
1.001088439737229108e-01 9.744442633765108830e-02 1.172558288329724335e-01
8.762422503320728417e-02 9.235253585020748723e-02 2.418786011731320906e-01
9.673702714449887441e-02 8.361799047601253809e-02 2.616731967944687653e-01
1.134015383723438325e-01 9.684125923071357223e-02 2.054910205936703038e-01
1.145789228075708988e-01 1.079845282825844799e-01 2.576790860842154141e-01
1.065976648827643702e-01 1.077307753071840846e-01 2.109877463276910448e-01
7.461170934124376763e-02 8.607319670868911199e-02 1.007132988608184232e-01
1.042389229614947288e-01 7.783618330437765132e-02 7.858505570336904444e-02
1.143698490832460862e-01 8.995784400029065153e-02 2.653186703858446127e-01
1.018094276076393634e-01 7.971883536019012950e-02 4.093991735662413228e-02
9.375078516460258471e-02 6.539844626723913257e-02 6.667284393260082542e-02
9.111927670529161583e-02 1.038472353721663216e-01 1.526369913608910112e-01
9.375366526933331945e-02 8.608880311749243786e-02 2.630917907986135562e-01
1.096702804542047521e-01 8.252167603462544354e-02 1.494412464646086014e-01
9.013222799601983137e-02 7.274308339773050136e-02 1.601940227827366447e-01
1.067898845307392042e-01 1.109726226001469390e-01 2.832333695039098709e-01
8.830122334636163195e-02 7.769024482207939619e-02 2.674265870690514801e-02
7.991702361681961297e-02 8.892422911075159586e-02 2.885021458060038971e-02
9.498760021190333358e-02 7.283588868493094670e-02 1.703220216334485893e-01
7.441795651118458810e-02 8.754371487417104969e-02 8.936695433051504434e-02
1.078907983837300161e-01 7.918555120631506905e-02 1.430035572464378180e-01
7.819408612950562443e-02 8.334873592339063497e-02 1.291509403426878422e-01
1.142786881670296989e-01 9.548018489981850709e-02 2.116741223303622854e-01
7.961779815906963598e-02 6.827077700076668310e-02 8.392742815038423121e-02
1.009984335960881496e-01 6.908574680875841090e-02 6.053639694257354625e-02
7.321556571054428642e-02 8.505602329272735074e-02 4.374574587646319623e-02
1.034632809282826499e-01 7.875404839427020687e-02 5.595902575849408950e-02
1.074416958646023379e-01 7.924370785854302490e-02 1.853202672701850795e-01
8.564761914163081247e-02 6.418556114069989826e-02 7.942478816742466752e-02
9.306045561439256486e-02 9.891656474160238910e-02 1.043642167232503720e-01
8.348767932972007977e-02 9.655793010461480308e-02 1.002098986663105679e-01
1.076680485650070435e-01 1.161970168702570749e-01 2.712393144171996728e-01
1.097851941575455070e-01 1.023449643236848949e-01 2.842506189412054574e-01
9.410140292652219296e-02 7.298086214718463305e-02 1.715520901271251064e-01
1.023327645799842200e-01 9.669640423327549583e-02 1.219815551671226267e-01
8.675927709958175527e-02 9.084990563711921319e-02 2.299346238235708828e-01
9.255099190516685725e-02 6.563174086949792596e-02 8.906615680301004090e-02
8.041796744823682952e-02 8.915568632390710735e-02 2.998750988632287867e-02
9.358099734327218755e-02 8.962296241859844803e-02 3.804264819950754772e-02
7.916089730706317440e-02 8.950940717318744966e-02 4.794171802334626364e-02
7.903643028682758032e-02 9.041659803195495337e-02 5.789507255028757821e-02
1.142877760208649840e-01 1.030668318853954629e-01 2.319998686275383526e-01
8.635422613240832657e-02 9.648878661650887867e-02 8.363780786768541808e-02
7.494095863203580066e-02 7.879437380382331435e-02 8.019145187916722206e-02
8.754699281481430340e-02 1.022326360477422424e-01 1.519827706919180677e-01
7.898368434896543833e-02 8.435343229746446181e-02 1.413072546256116946e-01
8.282326877999497683e-02 9.864913478520159762e-02 2.110843824667241464e-01
8.370608682800545486e-02 7.969686382421947712e-02 1.690667172709859334e-01
7.426092991882488059e-02 8.649932419877212619e-02 5.139126616419033983e-02
9.689108070626918645e-02 1.125450788326711610e-01 2.322727334688715617e-01
7.489920239181266370e-02 7.591183030597613290e-02 6.128913787421980119e-02
7.682109304865900046e-02 7.113829884058697761e-02 6.306575194141378349e-02
9.560425359878581275e-02 1.021466570496365051e-01 1.354273574131406588e-01
8.796048388033497756e-02 8.323304469675950334e-02 2.159530487019961087e-01
1.012456658440903795e-01 6.983142499234105960e-02 4.914739529501856163e-02
1.054543438235274466e-01 1.057549583742837251e-01 1.928160686767173282e-01
8.874252660592342468e-02 8.131727349635951840e-02 2.154072849594213523e-01
9.850318559205654967e-02 9.533336842892944918e-02 9.420506053109381495e-02
7.323110734156643153e-02 8.223587339845414568e-02 5.803717762621286858e-02
8.173860337295699163e-02 6.923965937070813981e-02 2.678618358814341752e-02
1.114196294701501194e-01 8.452345491941591626e-02 1.821708996520323420e-01
9.423115266112579158e-02 1.040644851440798296e-01 1.522548257747619871e-01
1.118383459071727731e-01 8.818837823172635815e-02 2.663035692325732007e-01
1.033220834773237312e-01 1.051997409056475430e-01 1.807114062297927592e-01
8.544619154218693891e-02 1.035335735734753404e-01 2.011266993428837135e-01
9.353133924211985695e-02 8.887608277373078292e-02 2.666777631035872065e-01
9.849592626944995988e-02 1.054954122464627359e-01 1.696694342478615725e-01
7.716961965355692565e-02 8.092071389308126694e-02 2.532476840721506126e-02
7.383307612393753827e-02 8.560666000413806598e-02 7.987236088445533178e-02
1.045834663198506181e-01 7.936017724978505772e-02 7.257263508978879785e-02
1.135677151072141539e-01 9.000994023127817378e-02 2.075533427738209535e-01
9.380145860512317801e-02 9.174344046077786974e-02 5.348161179448989583e-02
8.957596980468518488e-02 1.087969155875093547e-01 2.400550457744881072e-01
9.582544370478777995e-02 1.128247091632903487e-01 2.438217649280158827e-01
8.919386233972986799e-02 9.425987346239192433e-02 5.878993904699227058e-02
1.043247482121015812e-01 9.268823087863671539e-02 1.107333102328593305e-01
1.052726008666083485e-01 7.541110408260028042e-02 1.477996158535669347e-01
8.886547155294236000e-02 9.905152872145468745e-02 2.667924686691053315e-01
1.026541472708767805e-01 8.677154030988180888e-02 2.756730527004181974e-01
8.485683756804847377e-02 9.416345542654282197e-02 6.100632992202456584e-02
8.893518915528825231e-02 9.507798451998729361e-02 2.582099813773732211e-01
1.029999867422063536e-01 1.051980442807814581e-01 1.798940926213473401e-01
1.157795994645319099e-01 9.279011871522804822e-02 2.435390188843428172e-01
8.024103920767013121e-02 9.689495142962800678e-02 1.676470312138348684e-01
1.137126577219153001e-01 1.053568655097763540e-01 2.828074754201515550e-01
9.270184822319635365e-02 9.354739130767966704e-02 2.692877768569688635e-01
8.210341035591747771e-02 7.804736307655821270e-02 1.490515379238816496e-01
9.845964912308670380e-02 7.634360943321777393e-02 1.973944228470236317e-01
7.886227729541182840e-02 8.767865219297760193e-02 3.772996677162981927e-02
9.039144201982490801e-02 7.112329214505504205e-02 1.519372075154801494e-01
1.043239554367094563e-01 8.745484658526485322e-02 8.906005795464409791e-02
1.072685460131788254e-01 8.458378140371738962e-02 2.499160985609077124e-01
8.817781669779388432e-02 8.110734143069822655e-02 2.082275634123947894e-01
7.515139554204262884e-02 8.734394941176241989e-02 4.829253239161403199e-02
9.702102271894103014e-02 8.442292746295131101e-02 2.654568701537233788e-01
1.030627708302135626e-01 8.669785415826207486e-02 7.309894589993573555e-02
7.657390248856228709e-02 7.216734328130042231e-02 7.380783783908423379e-02
1.158576997519122354e-01 1.003834415802085933e-01 2.376194700136785853e-01
9.469514395801985340e-02 1.113009831349794365e-01 2.279902387465198021e-01
9.670134121355501711e-02 6.794494195991214458e-02 1.112983616619869220e-01
8.758253751485846339e-02 1.028428296599198100e-01 2.683026510314689417e-01
7.398069832785783562e-02 8.608440116250733187e-02 9.310882217676644257e-02
8.457650029109407830e-02 1.036886530761490094e-01 2.287534765074593912e-01
9.328351072958483703e-02 9.720175828821453479e-02 9.219589593703338137e-02
9.603983057757063679e-02 6.848105254178735168e-02 1.229112983134541259e-01
1.079447900661263532e-01 1.021036896999942822e-01 1.816484444203093074e-01
9.206212837281230188e-02 1.102620678394845011e-01 2.438839477464549155e-01
1.016580886545131457e-01 8.593080497267190088e-02 6.014791916400220179e-02
1.077306457015494850e-01 1.164947758596288629e-01 2.735710627077224122e-01
8.724693514860021315e-02 6.029880846883937245e-02 4.156516250141574498e-02
9.148369261974965971e-02 1.032269160619730397e-01 1.453118348192480591e-01
1.016819813509580173e-01 8.398395000516666042e-02 2.649595191407876915e-01
1.127601867680253916e-01 8.712956609478680892e-02 2.048053153273386717e-01
7.661869756186023839e-02 8.789433353500364365e-02 1.298559837807415351e-01
1.025487509433866129e-01 9.979196719255814529e-02 1.410676247809612982e-01
8.549267484853985410e-02 9.673486737179010087e-02 8.778808025755384381e-02
8.566461604186319245e-02 7.448046450933090701e-02 1.601870400211295453e-01
1.063963095162797357e-01 7.687861157710902671e-02 1.557176738741903876e-01
8.531652070308387570e-02 8.074053351413425228e-02 1.872130472232883813e-01
8.850313989284856742e-02 1.035444315349854233e-01 1.612625992647138129e-01
9.700623732557528411e-02 6.810270265386675348e-02 1.060609575392371662e-01
1.001786822339703065e-01 8.009426387642043510e-02 2.364396241199007431e-01
1.046520023016586504e-01 7.822821319126331552e-02 1.935354566998233605e-01
1.079125496657999950e-01 8.427158005908265415e-02 1.222760160728608714e-01
8.236507680406604526e-02 9.975649000109364228e-02 1.891322115336787346e-01
7.468461430007186652e-02 7.628826579917497019e-02 5.695310355130944052e-02
9.650574823824160930e-02 8.754408852202140434e-02 3.914013293100295637e-02
8.357117836860031290e-02 8.326089879508710712e-02 1.787206682343009945e-01
1.030196149954779872e-01 1.081466094249902976e-01 1.981264832410528642e-01
1.117958916860442298e-01 9.552126015121885361e-02 1.851051719016046926e-01
9.533848338405408185e-02 7.962471520416679327e-02 2.319331339966327898e-01
8.656429053944345031e-02 9.808567249708934066e-02 2.508984968032111906e-01
8.184407713788735550e-02 7.953129719099079342e-02 1.517023049265757706e-01
7.777474812408446958e-02 8.621127201074930968e-02 1.362633201762739887e-01
9.960947817627788248e-02 8.356283280926415924e-02 3.578022224894980563e-02
1.141038276325286177e-01 9.460753325729169549e-02 2.086129363048291885e-01
7.269804046149966337e-02 8.391519002164286867e-02 3.317747008190571195e-02
8.004008739622835156e-02 8.840689822541528131e-02 3.555862082437345750e-02
1.125924000743229042e-01 8.591395646368217565e-02 1.955383494848079162e-01
1.009434697051196789e-01 7.195966082312985068e-02 1.335304118992013955e-01
1.011719238424336892e-01 8.583496023041616019e-02 2.720263472507560287e-01
9.504697583053202392e-02 8.791896620579556232e-02 2.698025947058911300e-01
8.313301584524278309e-02 6.583045324923303410e-02 9.217291969454871614e-02
9.554839043523487285e-02 7.316253214358378609e-02 1.728834070638590736e-01
8.802397742121106927e-02 8.409836808949749942e-02 2.208705930988960342e-01
1.059226724427518029e-01 1.073973150991154868e-01 2.047432237792152221e-01
9.007959341016584520e-02 7.584821779669134734e-02 2.672713059665681942e-02
7.235117858562034598e-02 8.296596998622959851e-02 3.990297942071084625e-02
9.911482594966142257e-02 1.162946169978512218e-01 2.695038317178449772e-01
8.467179311484024362e-02 7.927293414875703770e-02 1.767357921510797902e-01
7.522318305449422760e-02 8.336203597092628481e-02 9.863865728085512152e-02
1.144138239188265682e-01 9.221791880594523705e-02 2.171470305013333546e-01
1.035844512556057806e-01 7.240862600777454861e-02 1.212327554025821735e-01
1.012637720383109674e-01 9.846680435324575709e-02 1.289229174358934027e-01
9.229278022208367571e-02 1.011046960607933365e-01 2.826387861649321542e-01
9.845193631107364285e-02 1.151655830306037853e-01 2.593928260688190823e-01
8.281315994975201045e-02 1.012410048572375681e-01 2.077445622040907935e-01
1.042618378331843371e-01 7.360431343277885896e-02 1.046261720073929785e-01
1.040748187474286046e-01 8.301982940435984060e-02 7.049579056905679042e-02
8.546306967582728564e-02 8.840199501486649403e-02 2.114619174541906843e-01
9.219420798632241287e-02 1.046926863636078592e-01 1.573702242637565751e-01
1.168886541952561392e-01 9.818491511514032544e-02 2.805601517864217409e-01
9.677549876566141074e-02 6.355027884623422330e-02 3.913936371490607524e-02
9.490516800668315212e-02 1.121955210780452711e-01 2.437361734631800503e-01
8.624364613509542810e-02 9.893147099032746639e-02 1.126931989798059391e-01
9.313372422924406924e-02 8.929710770377319307e-02 2.657865329089236783e-01
1.034020296425499363e-01 1.061442183151554974e-01 1.848525994901695779e-01
9.818791256560363556e-02 1.149334910777697061e-01 2.538118014237161213e-01
7.591013328426252094e-02 7.369434512807361559e-02 6.997910257157712033e-02
7.463732466946022825e-02 7.657024532232510616e-02 2.802267484724331112e-02
9.576164450789291516e-02 7.884211694148680893e-02 2.239734027789890281e-01
1.079815163164178082e-01 8.518318095464938455e-02 1.281393565449294447e-01
1.134703693003310115e-01 8.836621054100667061e-02 2.152509802429183050e-01
9.271798968238235961e-02 8.623899612183676122e-02 2.596530361680973176e-01
1.013368171649721428e-01 7.044267284251100325e-02 1.085647825871103450e-01
1.071423033676158904e-01 1.090748276742337375e-01 2.839521659426619826e-01
8.202024484053398179e-02 9.299138347279849171e-02 1.919266236405950399e-01
1.063718833770812416e-01 7.688992809172344456e-02 1.485388919086428894e-01
9.259568273458262944e-02 1.072226589038839661e-01 2.090830337292466368e-01
7.511713323084445726e-02 8.093651892392728087e-02 9.037831586047181953e-02
9.857014523306804887e-02 7.885936414636532388e-02 2.182075671901690661e-01
7.400215389541082989e-02 8.292206848141304987e-02 7.845501768481352722e-02
8.009787780735425078e-02 9.634174574116707856e-02 1.724153158388868623e-01
1.046787319936047789e-01 8.308872251666533926e-02 7.825313845886955333e-02
1.006846141201119538e-01 7.596307961398744701e-02 2.625423529480075402e-02
7.540134820371158231e-02 7.738886354822654967e-02 8.315612872786830312e-02
7.392070137234788008e-02 8.593627056791197649e-02 5.239930439606647894e-02
9.502605472042245649e-02 1.032078916041626743e-01 1.449864830134121596e-01
9.120983592796100270e-02 9.762011075541041083e-02 8.970264203529264291e-02
8.185218431382572379e-02 8.138074894944767601e-02 1.573987248006094020e-01
1.102884776049237181e-01 9.014050179938395968e-02 1.526426386079795527e-01
1.091753450687754923e-01 1.156921953869224501e-01 2.742946473513984129e-01
8.841908752506609515e-02 7.535989072548117396e-02 1.810466555152420443e-01
1.147289751773216265e-01 9.772162601082362565e-02 2.238901450656516356e-01
8.698547338581308352e-02 9.931832027973512556e-02 1.129964950581018451e-01
9.976259954606188363e-02 9.206434720532312432e-02 8.086517558417886942e-02
1.014404127202772482e-01 7.137474373448990383e-02 3.717722885301333324e-02
8.659949258380701675e-02 1.015993322410076449e-01 2.571432981785012895e-01
8.459824120641480649e-02 9.403051070755817642e-02 6.060297027312132323e-02
8.190474794314589468e-02 6.329103081453810176e-02 3.166719115275762331e-02
7.324094863940167066e-02 8.164781140431610906e-02 5.741037110912605712e-02
1.053996606072008374e-01 7.862818891445418068e-02 8.998475735201043324e-02
7.486387612016706661e-02 7.645735541451711970e-02 2.709754049201817602e-02
8.815123455911283434e-02 1.033228466204164087e-01 1.621314861228117521e-01
8.781719916684579963e-02 1.027836825445495733e-01 1.563367665046258015e-01
8.029351948041459075e-02 6.422196085822848288e-02 6.056018451786860518e-02
1.118394899287027261e-01 8.630957279855708264e-02 1.809772693342324157e-01
8.454891683230782162e-02 8.202151185039033288e-02 1.840060228496763761e-01
1.105794967756400793e-01 8.683975324447272548e-02 1.489763122385987792e-01
8.039390071992567888e-02 9.531196696265446799e-02 1.792550193453300855e-01
9.850365438380213889e-02 7.181515200567543944e-02 1.528623787888803709e-01
1.140525316355593122e-01 8.947755757085304462e-02 2.195300503382337787e-01
7.682327774635666628e-02 8.173314388771157901e-02 1.101255787273053982e-01
1.154986736900245059e-01 9.312815043410219151e-02 2.343899186016949743e-01
1.010517635893503074e-01 8.258207984658234857e-02 2.566200998389180921e-01
1.143281174303747011e-01 1.005581135218789751e-01 2.253584543584319921e-01
8.780752125791851936e-02 1.085292923577764468e-01 2.497426134881527704e-01
7.311713460887933613e-02 8.362053118316709055e-02 5.233095886179265493e-02
1.091321567261548248e-01 8.164759632936453848e-02 1.551616632159207865e-01
1.103452141929358449e-01 9.996401675432882439e-02 1.881355006105131789e-01
7.441435766989094869e-02 8.736044225695319132e-02 8.356024341051034032e-02
1.047033408593636972e-01 7.516765085411272751e-02 9.843473571255619003e-02
1.009208939661871557e-01 9.718141978782046664e-02 1.192409925022210604e-01
1.041184198469134042e-01 7.360468156585260602e-02 1.298155842848736641e-01
8.420094601647169774e-02 6.397092120268972615e-02 7.511459901325828747e-02
8.313911288936666477e-02 7.594268416274715938e-02 1.821525638416198259e-02
1.023715541435999132e-01 1.102905949173865752e-01 2.128790731519688562e-01
8.244400257465829551e-02 9.645038374149558780e-02 1.923950963337865694e-01
9.723630263354303416e-02 6.735186370732899885e-02 9.360544194737253909e-02
1.107525612314063518e-01 1.141252683976544113e-01 2.788529428658694798e-01
1.082781373203842573e-01 8.832611717371395554e-02 2.817853957266377996e-01
1.082882533436064082e-01 1.156743591639919494e-01 2.674180476543602247e-01
1.044064008615337158e-01 7.350806352653430076e-02 1.212004437144699187e-01
9.964201778303807822e-02 6.745919577579474746e-02 5.880424722144548394e-02
8.940392817108812340e-02 1.106523675556073255e-01 2.694738604029100482e-01
1.026056486812506191e-01 7.927792420600582313e-02 2.091136235958108436e-01
1.117413128225587388e-01 1.016943893502293000e-01 2.841407368081599327e-01
8.858957711817871949e-02 8.764917151368226134e-02 2.365466052433684296e-01
8.642584959165063030e-02 1.066980153615007532e-01 2.369592261564993918e-01
8.875782013540232940e-02 9.441984520827702287e-02 5.970610338175408316e-02
8.211148018958212835e-02 9.276417721017926610e-02 6.294198742876780384e-02
1.086144179285108979e-01 9.445881600296657243e-02 1.557380345162199531e-01
8.011270065294755216e-02 6.585176515354239368e-02 7.069560985269167375e-02
8.344619033769000438e-02 9.413129260811779753e-02 2.056807044999636735e-01
8.726034089897907742e-02 9.920674756127380312e-02 2.609391234884979593e-01
8.252548551488758655e-02 9.044911222530130357e-02 1.915741987209723940e-01
9.846797177113174315e-02 1.023609083148152438e-01 1.437351763794856019e-01
7.894582983494571882e-02 6.738420771051858993e-02 6.981561906225927649e-02
1.123285744922953300e-01 9.769621141606889270e-02 2.842869579021753412e-01
8.597460913649192238e-02 7.920926790123396233e-02 1.886373236305328160e-01
1.094819697053847074e-01 1.068468703160781602e-01 2.200252236675867001e-01
1.151465150851686131e-01 1.106778243437347153e-01 2.744483894355840836e-01
1.036407259008055165e-01 1.125701754851655551e-01 2.830626583459329715e-01
1.016162500822710979e-01 8.628275706997300121e-02 6.125901516167363281e-02
8.602341325785853310e-02 9.851979794600736196e-02 1.075904724987552658e-01
1.043622424878776073e-01 8.147334920290003057e-02 2.354811288188068674e-01
1.009465504383825485e-01 8.476322652388058876e-02 5.115931629983780371e-02
9.836193879063508116e-02 7.100642315249346137e-02 1.319282471574257098e-01
1.075814839648067400e-01 9.287554844586386193e-02 1.394225874853550207e-01
8.487655609579335125e-02 9.721810446851306131e-02 9.618385845625207486e-02
1.079074936755011205e-01 8.453892360749287738e-02 2.416573858765104499e-01
1.159141261478064122e-01 1.098302687160902513e-01 2.745423963353241237e-01
8.301045531499907926e-02 7.585222797108594206e-02 1.732248047073822392e-02
1.004475054388904026e-01 9.016072462461688364e-02 7.416345259642427579e-02
1.002523751508579281e-01 8.218859883890036744e-02 2.507883787843718792e-01
8.270497805726848006e-02 8.619411415995210934e-02 1.799357054720586158e-01
7.741822577713443343e-02 7.380413074222842706e-02 9.383487745381813294e-02
8.598646861086425841e-02 8.633403700615531473e-02 2.078943372820820923e-01
9.761505905892643720e-02 7.381884414652395421e-02 1.748838633821943600e-01
8.123351145740155543e-02 9.826861189195999768e-02 1.762919115185553887e-01
1.020941645313564322e-01 7.729210930800080315e-02 1.940157792875787102e-01
8.958916495907137678e-02 1.093295352834644379e-01 2.456717339711889936e-01
1.139699828793536984e-01 9.076795150053852679e-02 2.130535632939906110e-01
1.018783137283545415e-01 8.301609514368220311e-02 2.588700739626700886e-01
9.252447051727036298e-02 9.394652481109841413e-02 6.498101112213558461e-02
9.908713687542390625e-02 1.115031570776424119e-01 2.217278579066604416e-01
1.025131440986169207e-01 7.245239106259361572e-02 5.104430676466242128e-02
9.355677163016316855e-02 9.272795690384960654e-02 5.906881629199000477e-02
8.891416908908048033e-02 1.081644075449406661e-01 2.334173203209023995e-01
1.069002540305000887e-01 7.811681726325324371e-02 1.799864442748388416e-01
8.261874222648803168e-02 1.000437772120527230e-01 1.959902696931022092e-01
7.447073844571207302e-02 7.346252147133457144e-02 4.133869226239273581e-02
1.052294696868720930e-01 7.677108748893038404e-02 9.864664487609704768e-02
8.324819038908894131e-02 7.710830743169123924e-02 1.528476968272521053e-01
1.144349862378488403e-01 9.622308542753682525e-02 2.191011265858414936e-01
1.144553654004150656e-01 9.037157558112419997e-02 2.214002391853536478e-01
7.575927529842528541e-02 7.663201451121522123e-02 8.628412604937785169e-02
1.078908583055292192e-01 1.033486224195184489e-01 2.844939145081770149e-01
9.124609815174072880e-02 1.084413957668433903e-01 2.188707751446545002e-01
8.659098932478148658e-02 1.043072367229707087e-01 2.052915176358749150e-01
1.122248578529034813e-01 8.511028725141131512e-02 2.151920530472191673e-01
8.133761932486019419e-02 7.669980591057588837e-02 1.375056416846402452e-01
1.124070675806143615e-01 8.791776343921126058e-02 2.558026559341696760e-01
1.122592022319165855e-01 9.741623904407145651e-02 1.987763409600811770e-01
9.662192472338720917e-02 7.779551115833076291e-02 2.130642720738335771e-01
8.624311053182424913e-02 1.010218022619430028e-01 1.739132685044306181e-01
8.380813688589686117e-02 8.588173918338304347e-02 1.889409884347197088e-01
8.323981040550607058e-02 6.293017772258542586e-02 6.679290399998247252e-02
9.086822762662613573e-02 1.083883363236270020e-01 2.196611149278686059e-01
8.647391860478981229e-02 6.747635745994494394e-02 1.154899580052714397e-01
7.746326058203016618e-02 8.903622907415072174e-02 5.251970206268143093e-02
8.775665735830684433e-02 9.349362107955352941e-02 2.463720297664915015e-01
8.585190082642406295e-02 8.973842485679141279e-02 2.187644465670045835e-01
1.002619336704785591e-01 6.803867764794033213e-02 4.884935924208384100e-02
9.498855500563782583e-02 7.625644326904154613e-02 2.003346524346218127e-01
9.808164058027936394e-02 9.646515996234801549e-02 1.023107119247923524e-01
1.003832135963350775e-01 1.025276601419613104e-01 2.852846503190545890e-01
7.622226303298929029e-02 7.007736764139103902e-02 4.621193755733831593e-02
9.200095706487843028e-02 9.513396655552569525e-02 2.711559673626867117e-01
1.085152689203875698e-01 1.126391096947364084e-01 2.513910667360428897e-01
1.085591331657780045e-01 1.122657706029669966e-01 2.483010297123326438e-01
8.464888140183866871e-02 1.032204489794800867e-01 2.118189132743593106e-01
1.178841493395590273e-01 1.035286616889092154e-01 2.764978552722675009e-01
8.979205272713723651e-02 7.993285982610910667e-02 2.114252764809998464e-01
9.185879950890410428e-02 7.820243814071685395e-02 2.093900195355212768e-01
1.124200577865013678e-01 9.827407504814561490e-02 2.002838628149307965e-01
7.716995118005083587e-02 9.175227442195858785e-02 1.046686597119379919e-01
7.647963279411186532e-02 7.182667372173526243e-02 5.852834349277654530e-02
1.091074463022342067e-01 1.100046573231918123e-01 2.369498756312744814e-01
9.934205634880600988e-02 9.482694857438069003e-02 2.855832517408472548e-01
9.203085293115827181e-02 8.707817769398534802e-02 2.582471728949575773e-01
7.501249671822692033e-02 7.588164844176772950e-02 6.803349224862961786e-02
1.117673986712905826e-01 9.111838271425351521e-02 1.748399735856032144e-01
1.082311350620323021e-01 7.964953374619476723e-02 1.645184700425483537e-01
1.053116182313385690e-01 8.591741204776529028e-02 9.208387657348435229e-02
9.132463425004062885e-02 6.897598000293948817e-02 1.344412390884050235e-01
1.134548508148532364e-01 8.737217239672957769e-02 2.444013778009935245e-01
1.139563658094251974e-01 8.930723641084847841e-02 2.751633481901130107e-01
8.129148745497799533e-02 7.889182192577283426e-02 2.459384078351664962e-02
1.091634168312374670e-01 8.508386679405757769e-02 2.456554933103207994e-01
1.161557656949454287e-01 1.015754849918525798e-01 2.443196457500392271e-01
7.763530922653744115e-02 6.617395117334011478e-02 3.648994841667631273e-02
9.345757457270112423e-02 9.172268786225032389e-02 5.252728456054635287e-02
9.593974335037662449e-02 6.770929269225514635e-02 1.079750302426481512e-01
8.565928821590199083e-02 9.885630655499183517e-02 1.173358777060583835e-01
7.851618243397943953e-02 9.435442198720526974e-02 1.206542349069418402e-01
1.003962545255169536e-01 8.821495499788063743e-02 2.779945207864368828e-01
9.345956433468916025e-02 1.071795368320495601e-01 1.829214593499566277e-01
9.647674059547438341e-02 1.094029220392982449e-01 2.110871567576915742e-01
9.372547368429137715e-02 9.137799215403009934e-02 5.062171507467893433e-02
1.020541473557859680e-01 1.096177049928183656e-01 2.056147834693387577e-01
9.389772059739351362e-02 9.879383575470007672e-02 1.053106036533145023e-01
1.032122235828840801e-01 7.922572634658489599e-02 2.041103095185525240e-01
9.585299896139737319e-02 9.346468764755314074e-02 7.237466179652206344e-02
7.519606833674538637e-02 8.016104868945854445e-02 8.917314627318026488e-02
9.523852986673886356e-02 1.132733726877814401e-01 2.622676213623008068e-01
1.038693843955574153e-01 1.150344560776448838e-01 2.811838243792709746e-01
8.746454800606066893e-02 6.039166493182494128e-02 3.302594314820365279e-02
9.746505867863568262e-02 7.923293546115807440e-02 2.225184453593664624e-01
1.163203021459177366e-01 9.358095383771040943e-02 2.489191404726750767e-01
8.523392294709654371e-02 8.547092373194081771e-02 1.999404509371180139e-01
8.723863521395852638e-02 8.271902902530585411e-02 2.061079570800663785e-01
8.953203270680476500e-02 9.949823889222458861e-02 2.716537256650710663e-01
1.021805822624847898e-01 1.117604799533733345e-01 2.254742456612006951e-01
1.129911713639137477e-01 9.188529295800201835e-02 1.939826521898885825e-01
9.723071261188101500e-02 7.576121802154744955e-02 1.936772699389529007e-01
1.171324418444100041e-01 1.051104830215973673e-01 2.666444939764328614e-01
1.028159215736418330e-01 8.098836390885599812e-02 2.204646815508982394e-01
7.671954548747063340e-02 7.132107901456312404e-02 6.113656597533370651e-02
1.048789640699611114e-01 7.404291648431213235e-02 1.229741230296716725e-01
1.096850492910144831e-01 9.166346663482791146e-02 1.545143624315624409e-01
9.713763203355763043e-02 9.986459842047859525e-02 1.217627372945067482e-01
1.154414829759933536e-01 1.043198942355209463e-01 2.458435145069774452e-01
1.148697960864520362e-01 1.055279806215258936e-01 2.469818878165557785e-01
8.423657923349558985e-02 1.008641057687655607e-01 1.645702771212200766e-01
8.929516285707475576e-02 7.481281726477995164e-02 1.762568213215693069e-01
9.787615051744300021e-02 6.821839338818495857e-02 8.454874810094790971e-02
8.827390640757994122e-02 6.473125479489631739e-02 9.122632508062318568e-02
1.066757148040611558e-01 8.894793617723241452e-02 1.154765320323562355e-01
1.026120400211479183e-01 7.349476542346761176e-02 1.523161623448911761e-01
1.050362067413235234e-01 9.866853282217466492e-02 1.470730201578464846e-01
9.830880908694740461e-02 8.515482000854074363e-02 2.686963147889488424e-01
1.118409152368266962e-01 9.077343385285660537e-02 1.757909565414784991e-01
8.310705298960732734e-02 9.381533704859257305e-02 7.167770899453514144e-02
7.740969236148759203e-02 8.615730179437018632e-02 1.323796601443424648e-01
9.233386286507101748e-02 6.532505491042203682e-02 8.225273548648837085e-02
1.028644787784890879e-01 7.909857394396747898e-02 2.011194418655016525e-01
1.032543035028606060e-01 7.305278532942548197e-02 1.402118298329615986e-01
9.591517683321355847e-02 6.370786770931410881e-02 4.747235875302385777e-02
1.126393419958371528e-01 8.808176495867699185e-02 2.557898211271612543e-01
8.381821140559600480e-02 6.101214474915129388e-02 4.186176994612111207e-02
9.954118531307468154e-02 8.397159518552715918e-02 3.139788520475398498e-02
8.086748406727899130e-02 6.760391557292817766e-02 9.585127242715552054e-02
9.824491286718692318e-02 8.125923747748384218e-02 2.447538834986467959e-01
9.667442252667582392e-02 6.433213285051470054e-02 5.168379558804284124e-02
8.005373284311710635e-02 9.211495624489787759e-02 7.411758975817242523e-02
1.158091309378483785e-01 1.033470005115292856e-01 2.455215930522572088e-01
8.704598363835155950e-02 6.322562241679856310e-02 7.411152763256317888e-02
7.695927913214045679e-02 7.083936446450486701e-02 6.436402270908667123e-02
8.591104527287403425e-02 8.916632833879876985e-02 2.639883998767755813e-02
8.557789286430779463e-02 9.667843883759062729e-02 8.709448853889531494e-02
9.354201002329404213e-02 9.270850481655441844e-02 5.895109258599667140e-02
1.170021433745982997e-01 9.836312307803454780e-02 2.507903617400433771e-01
8.414405696172103100e-02 1.035775632266486695e-01 2.321055673349538273e-01
1.128680790985079480e-01 9.209343759824910325e-02 1.899205066920701401e-01
9.997806115527155257e-02 6.949483057252746343e-02 1.180280664301997101e-01
7.937855441584024119e-02 8.339018241171949897e-02 2.599483027447941491e-02
8.143206088562644773e-02 7.586456454216436440e-02 1.357964418335009804e-01
9.096492096194733201e-02 8.835156186413975488e-02 2.560227541841491594e-01
1.103912006892205644e-01 1.082991594770240235e-01 2.302670276896292278e-01
8.728482823874068874e-02 8.712903982362509014e-02 2.236380191149780483e-01
9.907953592002702314e-02 6.867915266451195266e-02 7.822098264324366113e-02
1.053473799713640635e-01 7.588556257416634310e-02 1.567996071989839479e-01
9.583148714498306020e-02 9.605093434889137860e-02 8.932111824689345503e-02
1.161116955293807207e-01 9.460995635995607389e-02 2.393677475343914951e-01
8.938920674420083867e-02 9.699075856795458250e-02 2.658760749018765357e-01
1.089512443662144087e-01 8.228139594385565359e-02 2.165361297884973169e-01
8.305609652756272554e-02 9.666204749924296735e-02 1.970597310778965661e-01
1.171739844995602631e-01 1.031161419053401446e-01 2.612158267953624269e-01
8.127668655952739740e-02 7.956692887037419837e-02 1.462391646685458624e-01
8.372500064835811107e-02 1.023026462503012768e-01 2.042936131916569253e-01
1.014604504727111833e-01 1.113035808369360613e-01 2.226666525971755517e-01
1.121352929547907162e-01 9.739926162572547230e-02 1.979735964722903474e-01
8.824722195609124853e-02 9.436601817561474093e-02 5.879697579720068179e-02
9.232092266633995514e-02 9.743066056979544920e-02 9.086803375234235591e-02
7.373995083833854991e-02 7.851834589149135624e-02 5.300748042215419620e-02
9.571711021388754070e-02 1.137472532885965837e-01 2.644494046863650749e-01
1.027368794375238537e-01 9.876765764882293464e-02 1.379317841973631553e-01
8.635018835558927464e-02 1.046412811301836721e-01 2.663611642073360763e-01
1.101985415263310175e-01 8.378714086024498242e-02 1.657033925020945930e-01
8.893189892305161659e-02 1.007675670021562359e-01 1.258710222674485069e-01
1.009914643718946986e-01 1.089376514750142605e-01 1.997162233683779375e-01
8.429752739101561976e-02 6.630068908123400162e-02 2.813266393246181482e-02
8.173196099244861568e-02 9.279119231371524279e-02 6.878804416839018332e-02
9.608796011211644117e-02 8.936839817313380063e-02 2.748099543974394376e-01
1.073726881559137480e-01 9.104186724247348428e-02 1.320636997995620898e-01
1.043910233084191785e-01 1.119896630427809348e-01 2.289687061569060378e-01
1.033987806357804656e-01 1.030796958932268387e-01 1.690670927885600527e-01
9.412721826423238458e-02 1.115466685497462085e-01 2.412679138195913675e-01
1.093877601154109314e-01 9.984984691072629204e-02 1.806475984371529175e-01
7.463678116996923240e-02 8.777952252523960053e-02 9.295143166673129620e-02
8.791774752498417167e-02 6.027826221012104468e-02 4.204355635436919647e-02
9.470586859479140918e-02 7.012537791606716919e-02 1.383918480064698919e-01
1.082764459227755355e-01 8.059117822893001326e-02 1.423500600742327038e-01
8.813530162627203346e-02 7.770554569817093860e-02 1.927158647440205819e-01
8.645964221827455443e-02 9.929103677965823993e-02 1.169524521668237060e-01
8.430347845796397344e-02 7.551113782541327146e-02 1.605911564419165161e-01
8.557950598275457232e-02 6.792254081914700370e-02 2.775680056838578449e-02
7.679808283168029770e-02 8.080624139886194435e-02 1.074325148191004470e-01
1.041646066670126047e-01 8.142494586800159972e-02 6.616392826320736942e-02
7.885270318537405954e-02 7.071196309415671288e-02 9.332831298965815758e-02
1.092002146144525898e-01 1.156538784230708300e-01 2.761579603679411021e-01
8.281560525259573646e-02 9.837868668080812506e-02 1.957897182780674039e-01
7.624682587133474465e-02 7.343797510912214443e-02 8.303067393234067617e-02
7.635754273917307045e-02 7.242683721561840593e-02 6.626309273458404203e-02
7.769703040786710146e-02 7.150623244859491412e-02 8.626377511287797173e-02
9.189399005871756732e-02 7.899462519335992416e-02 2.181296046140495659e-01
1.165440713139234696e-01 9.432309449465844930e-02 2.488541301095522629e-01
7.695893530553955808e-02 6.914959860598193786e-02 3.424350378616033280e-02
9.698983072662129001e-02 7.105910842828223883e-02 1.402782766902234135e-01
8.023015286834321580e-02 9.662362752373411523e-02 1.588470182318233448e-01
1.037615743382999944e-01 7.339875069681270348e-02 1.405986445843184218e-01
9.934853624686969253e-02 1.166477358387063706e-01 2.708256976928316573e-01
9.974587002244288125e-02 8.944794046896407946e-02 6.538535149924634693e-02
7.419274049552491979e-02 8.638420474259528303e-02 9.716425189250699201e-02
1.021260305799004536e-01 7.340020940525424087e-02 3.851207278766317910e-02
1.028700035095942850e-01 7.191420523457657532e-02 6.479736287177960408e-02
8.548381706703719884e-02 8.666709784992358834e-02 2.046642752433939505e-01
1.149877812387201242e-01 1.052715398831834681e-01 2.464920404532793818e-01
9.705549456637849182e-02 1.157513270514028830e-01 2.758370411631530517e-01
8.585111169389746111e-02 7.313517591701518272e-02 1.554394992270198388e-02
1.008959412376422421e-01 9.851484264233477395e-02 1.270543305843744031e-01
1.027737316379700588e-01 7.265653970986413190e-02 5.330967810738290041e-02
7.745305824699735830e-02 8.277809009113017147e-02 1.193406711284001331e-01
1.032354155414339919e-01 7.773562360498124935e-02 5.249816245784871827e-02
9.751087615235126682e-02 8.147253428725148572e-02 2.554612094898229407e-02
9.838520460862992811e-02 9.325546916076224435e-02 8.128398409410217407e-02
8.841277556099140511e-02 8.454448454761419318e-02 2.259224971396331938e-01
7.428094323996295434e-02 7.747787990994096929e-02 6.152206449174360547e-02
8.318927160333336457e-02 1.017774632423854575e-01 1.992212110270375203e-01
8.255845072279466290e-02 6.961829155653294354e-02 1.131716462014205615e-01
8.254221018564138201e-02 1.006923272613008263e-01 2.247973907773727908e-01
7.902739489763896397e-02 8.124028711180680817e-02 1.295984603063541629e-01
1.060416578455915387e-01 8.393281275045108569e-02 2.470887570349076523e-01
1.069265790486101236e-01 1.088329873358638428e-01 2.192806749028141933e-01
1.088354904216077695e-01 8.021079878967087018e-02 1.684921596267358879e-01
9.610538622081682414e-02 1.062610159783039104e-01 2.842823571197069521e-01
8.008849837589045173e-02 6.327152394953833303e-02 4.746018542188301659e-02
1.108902123890425778e-01 9.940115206663120706e-02 1.893296647296565660e-01
8.795751782184542400e-02 7.031325232986436469e-02 1.391124083478133822e-01
9.240233604896723463e-02 6.547958209853699252e-02 7.104061997379433613e-02
9.828957609083048552e-02 6.854512775421681137e-02 1.176888791054563344e-01
1.006113144249516783e-01 1.128729704591082406e-01 2.288871681282814430e-01
9.850888470833941979e-02 8.504303509368774106e-02 3.289405561283817447e-02
1.179265455572149901e-01 9.695852628883930291e-02 2.697767087848559342e-01
8.364784197166975910e-02 8.632930005936165219e-02 1.888222968781608224e-01
9.017001680993852464e-02 6.612560127846905944e-02 1.041062285202895427e-01
1.087739084645583248e-01 1.088800336023078713e-01 2.277586455598635262e-01
8.431960231986766752e-02 9.993730753230926911e-02 1.469886788337868011e-01
7.563480345841713803e-02 7.083441741505978884e-02 4.325489391864494743e-02
1.084824015910681033e-01 1.155454318470377356e-01 2.682187985545811393e-01
1.042855308221477262e-01 7.427469119612477300e-02 1.462448451173465058e-01
1.098896292879112807e-01 8.250199946119533834e-02 2.050524179824806392e-01
9.304522516418299583e-02 7.254123900130306224e-02 1.655882581911499452e-01
7.444171990584559639e-02 8.728852551104060442e-02 8.081885631277106741e-02
8.506975642285087569e-02 8.920972700361391727e-02 2.103918468461107028e-01
7.987302118662281680e-02 9.614445302389648673e-02 1.533346001793142455e-01
7.986470243386264989e-02 6.514227593533407357e-02 6.385150187411525735e-02
1.150365002225157834e-01 1.066626420920304685e-01 2.549391203923066507e-01
9.476094273761720421e-02 1.020347602837912981e-01 1.328691821923486116e-01
9.494615368722418569e-02 6.206810188873006923e-02 3.824533171212180643e-02
8.529719448196321219e-02 9.281969569258927133e-02 5.066417478797708568e-02
8.972461926577859903e-02 1.005392300754616303e-01 1.189062355107629171e-01
7.549513556475068166e-02 8.802243069839717216e-02 1.100882658900900202e-01
7.795101657070127588e-02 6.592181778087924382e-02 4.307093529784851438e-02
1.091916774043086985e-01 8.135982414486346570e-02 1.763841259154494689e-01
9.569852584243244975e-02 8.219474071166274487e-02 2.581334716475211510e-02
1.136827818821513486e-01 9.379577372451577966e-02 2.039247052924788028e-01
9.670948938404348716e-02 7.101502616482764652e-02 1.432546109868318707e-01
9.376875471136605911e-02 1.034302676450846864e-01 1.474278546618745245e-01
9.626714828431055804e-02 6.309120798987916112e-02 3.840876794864663685e-02
1.121839443558814708e-01 8.810159643168155585e-02 2.715869576998363177e-01
1.091012730104875678e-01 9.744601366144463317e-02 2.847551957278201540e-01
9.217415404769832565e-02 1.052840962227707122e-01 1.704250194745058344e-01
9.585288529369122290e-02 8.859226341023836160e-02 2.724627584871329167e-01
7.742417047179767087e-02 8.558207177851465119e-02 1.301720883212965363e-01
1.001533614467640110e-01 7.234136098803176096e-02 2.644464476076526308e-02
1.069038520159775463e-01 8.463199957665124007e-02 2.521589944103451719e-01
8.669119963705243515e-02 7.102582814409498513e-02 2.635144330302835805e-02
1.040161644771544353e-01 8.208828221767623667e-02 6.680351310714743862e-02
1.055581306935901298e-01 8.335681598345613674e-02 2.413090832340177849e-01
7.741414024474840838e-02 6.675475541921087330e-02 4.385820088747954121e-02
8.527165687465587673e-02 6.115732789131281960e-02 5.201644872928015001e-02
1.113425873847917608e-01 1.051394662025030430e-01 2.198858532241439734e-01
9.917456512208767949e-02 8.919829654583213974e-02 6.248508148963985431e-02
1.070958793480968757e-01 7.832378965194031206e-02 1.797590167141242257e-01
1.050528602737228062e-01 1.146247618003557733e-01 2.510163318136956478e-01
8.286677667050468266e-02 9.802267793482455360e-02 1.962189882302532717e-01
7.849262193213578376e-02 7.491090773630579291e-02 1.057437042219587509e-01
7.875995874820154730e-02 9.235739242063874255e-02 8.802997149139513144e-02
1.100331904148549311e-01 8.326008736513978992e-02 1.745737963054389552e-01
8.436840068024742401e-02 1.022058640122753270e-01 1.889374161022161491e-01
8.107279648887345813e-02 7.279192586885548100e-02 1.999437216024346417e-02
8.555607722104545398e-02 9.013324825377103111e-02 2.173374800882622582e-01
8.990787178266040902e-02 1.050879143504398067e-01 1.981719041284568661e-01
9.487187928625914757e-02 7.393460021660500092e-02 1.786733966463568413e-01
1.053219182180200608e-01 8.210822830922830107e-02 8.513263486920616407e-02
1.071474334039199811e-01 1.076557281645820902e-01 2.842591353163314571e-01
9.083986634569175822e-02 6.507812304677053350e-02 7.681194248891141940e-02
8.955723693119334305e-02 1.098213287953024725e-01 2.503139385051753041e-01
1.113619253092826278e-01 8.404699724026429286e-02 1.938045884135331798e-01
9.994626820576241188e-02 1.034950678507771810e-01 1.565783182971451915e-01
8.741012106238663093e-02 9.544136864223332073e-02 7.203812724978264637e-02
1.050459224411289111e-01 8.188083435489736106e-02 2.354401846999331083e-01
9.389078239765662193e-02 6.426517326976463607e-02 6.096960706497157184e-02
1.077524144681080431e-01 8.098572624487057614e-02 1.259171555031546597e-01
1.112607268635133345e-01 1.093722984318584446e-01 2.429640868863175429e-01
1.099938049198182777e-01 8.300830267047516753e-02 1.765528559871271108e-01
1.042365724745707573e-01 9.737683076204479982e-02 1.379521852662820014e-01
8.333220432696238078e-02 7.552824007303325649e-02 1.497179853253027548e-01
7.937333594391238201e-02 9.068330420665796088e-02 5.885358596929409630e-02
7.907892057466993363e-02 9.550776285643899910e-02 1.586484095361966051e-01
9.129515635640474136e-02 7.868660795987438006e-02 2.098669349626178515e-01
7.451677790633184917e-02 7.812975666556788712e-02 6.942848606695523062e-02
8.719860079168692546e-02 1.024294245093221589e-01 1.652686098631495903e-01
1.098910155885937934e-01 1.028138468123857702e-01 1.979957010129489992e-01
8.513575194809615276e-02 6.154361227551560787e-02 5.965214100654010060e-02
1.003963310189406460e-01 8.427271089513457825e-02 4.410039278305792620e-02
8.406419183631980152e-02 8.939333579579591960e-02 2.020644786792995806e-01
7.922319614087730555e-02 8.928359264977449306e-02 4.618507737931788759e-02
9.432223092956792954e-02 1.074416625926129659e-01 1.835972376939755679e-01
1.016792063573689897e-01 8.558921886689560554e-02 2.715753314422655884e-01
7.631279406990676417e-02 9.019385535389490283e-02 9.513737425110059542e-02
1.112966031953916829e-01 1.049806391236195319e-01 2.189074682026193042e-01
9.992051900586106095e-02 6.760046191843920027e-02 5.629024795955908655e-02
1.018232552238620137e-01 8.779215964108096071e-02 6.623706518914541930e-02
7.651158639101721115e-02 7.190205660099703577e-02 3.120336124486532137e-02
1.039382012262253380e-01 8.595577651896273152e-02 7.749278498574876939e-02
9.914414779167124436e-02 8.822754663680744402e-02 5.818881237920878191e-02
8.616979223374512942e-02 6.163050224469222849e-02 6.271249059365953393e-02
8.951856392555415654e-02 8.524004561653894529e-02 2.400321729006822946e-01
8.835715205681177187e-02 6.033606932912453924e-02 4.338298996788898798e-02
8.152722931365097292e-02 9.214098289809409537e-02 5.861608482681542054e-02
8.261123668645822815e-02 1.005313438312590291e-01 1.988239216028077350e-01
9.253184736616944239e-02 9.773593009761366579e-02 2.821845291876810546e-01
8.999606141587222774e-02 7.976395123271673437e-02 2.144391440985565500e-01
9.596884594655057110e-02 9.116755798529975474e-02 2.757209868609108994e-01
1.089779777051541332e-01 9.936748219260624349e-02 1.758725772224750405e-01
1.102142473887122442e-01 1.113763376521950954e-01 2.523493776975127556e-01
1.103500936930934540e-01 9.288345273093286114e-02 1.639719337824810386e-01
8.740750421528890868e-02 7.674715307013066368e-02 1.864643516198072060e-01
1.076821678417336364e-01 8.001902603024661775e-02 1.300583096388326920e-01
1.070036415603133478e-01 1.059586147800736095e-01 1.988313378257509090e-01
1.098185140649548114e-01 9.915409137062160261e-02 1.815441093313437670e-01
1.130675343625180546e-01 8.876580998376079612e-02 2.629859516366723216e-01
7.645092891589011508e-02 8.881571087836442890e-02 6.199538033765753658e-02
8.987717494931275752e-02 1.008897912711864131e-01 1.236167599111681198e-01
8.572043111273888738e-02 1.039798053424464686e-01 2.056165323671323431e-01
1.077932179835213583e-01 9.299830439818271288e-02 1.409244210288341514e-01
9.903996189571731557e-02 9.873136154762053585e-02 1.199603037380646137e-01
8.048165865367037930e-02 6.736021310953915764e-02 8.808260993322349075e-02
1.116626754400669025e-01 8.646079355539681988e-02 1.876979160428291216e-01
1.045990770548929638e-01 8.754946437011891514e-02 2.796932885811496683e-01
1.092326859828337271e-01 8.198447270045602919e-02 2.117011778939348610e-01
9.503303273133982543e-02 6.639814972219743039e-02 9.271764286622247164e-02
7.430023667112463370e-02 8.257661890163267571e-02 8.295307295172077433e-02
9.870617772062456607e-02 9.551223543051662324e-02 9.720971714429615940e-02
8.027793620738123137e-02 9.140295213476141989e-02 6.105832119930082458e-02
1.002764636735155174e-01 1.021815288773913755e-01 1.496720262852401229e-01
1.001169241188133302e-01 6.804591624800948590e-02 4.453336140659309994e-02
1.113410260223722109e-01 8.429722063935680965e-02 2.272710723278804357e-01
7.890179414859389839e-02 6.693023006206626213e-02 6.669183495211908341e-02
1.036897450918998487e-01 7.299941966931576542e-02 9.706379716200816410e-02
7.315824454712981095e-02 8.445610608778555961e-02 5.395298382791569036e-02
7.332603127429834777e-02 8.461707425606003474e-02 5.766841595429281903e-02
1.092471346752108274e-01 1.067587614798296280e-01 2.178316859717618070e-01
1.123101028257884326e-01 1.113264901993705341e-01 2.599840666700887204e-01
8.424768923439476809e-02 7.583362895961522077e-02 1.649312240179618694e-01
9.407199098021302996e-02 7.042483667525471780e-02 2.702630458306747377e-02
7.548427793809761588e-02 8.888222535282615244e-02 8.885974326095530396e-02
1.037537705462276416e-01 7.312059364669598605e-02 9.984664237433675538e-02
9.964011780343137725e-02 6.900135350373072518e-02 9.841440222950309513e-02
1.138987738625138191e-01 1.015898905152723131e-01 2.249621332554594400e-01
1.065694991420891441e-01 7.730110452608981997e-02 1.454442483869432812e-01
9.833306917631923216e-02 1.144777956022305920e-01 2.471862085980066903e-01
8.553621599194694003e-02 7.511861944883770070e-02 1.895370900763250141e-02
9.667149179754991328e-02 9.024448828150104240e-02 5.667387220456987507e-02
1.053933969590469533e-01 1.133642044437803142e-01 2.821975466789570786e-01
7.834339863641201496e-02 7.029756320974546446e-02 8.433146704915098213e-02
1.108505224590420890e-01 9.791048787247788598e-02 1.872974332428532229e-01
1.042983294675171313e-01 8.789145661468873716e-02 2.806205278948440962e-01
8.682236716379937436e-02 8.710318118229878892e-02 2.195262445681715746e-01
8.168422478919067087e-02 9.132486960518927666e-02 1.862866004393894381e-01
8.445463608862410765e-02 1.000162443596929601e-01 1.496789194923320021e-01
8.695343420591085393e-02 9.321635178835022129e-02 2.385508819476488962e-01
1.064958950838393315e-01 8.311968331932303999e-02 1.040447188878548673e-01
1.070075086661359809e-01 8.701804585236022627e-02 1.116678329139580567e-01
1.126732110905207251e-01 1.100999939629977165e-01 2.558029611052308194e-01
9.950982492621572584e-02 1.048867678099784789e-01 2.851501465889577092e-01
1.025794014478247640e-01 7.521577416506725067e-02 4.177879799275886763e-02
1.059883232807930925e-01 9.940516189788430046e-02 1.567744766087281194e-01
1.006198413767744604e-01 6.847020440502907257e-02 5.810907790159409309e-02
8.287849683708098381e-02 1.007517384413089134e-01 2.140051915372326863e-01
1.051157955210852285e-01 9.292042898876474999e-02 1.191000730316017914e-01
1.051663375992229893e-01 1.125865722516715822e-01 2.426915111439377493e-01
1.055867699402161380e-01 8.035580722169866075e-02 2.086658915391356173e-01
1.137186529492504872e-01 9.091400954607861684e-02 2.033626215808833626e-01
1.002720509337722554e-01 1.164020190445663044e-01 2.784628886143153959e-01
8.028726135433829347e-02 7.001821091944128439e-02 1.033844039650673730e-01
1.061909053104985318e-01 7.683789550752434527e-02 1.639627133892374578e-01
9.864462480578348180e-02 8.138971166730904483e-02 2.456025415850683347e-01
9.829199912335126466e-02 7.248656100158050453e-02 1.615555822658273910e-01
7.861868271786379148e-02 9.018059502890025947e-02 5.878108767565036474e-02
8.290966883893025052e-02 9.802747079007473330e-02 2.098697095322587247e-01
8.254284738631018081e-02 6.382934535687524724e-02 2.981106454543271805e-02
9.367945857962310663e-02 1.126947091035930132e-01 2.660259973038224812e-01
1.176898572191321657e-01 9.848662738552850515e-02 2.606379921447423142e-01
8.505695286208769801e-02 6.955406447244856516e-02 1.269506796470007415e-01
1.150169481775689534e-01 9.046923833948306015e-02 2.503798540464750588e-01
9.514775169955580481e-02 9.511987688056339207e-02 8.103278535098844271e-02
1.047436404169985180e-01 7.454515535055193654e-02 1.338372383764668272e-01
1.073327164594782140e-01 9.595967899849967842e-02 1.490720921673596988e-01
1.056950680324503095e-01 1.068290832867875018e-01 1.996890610117971476e-01
8.644392669525581552e-02 1.020662160335573110e-01 1.638526509269795095e-01
1.093922576383553197e-01 8.126192107863702829e-02 1.817420107081422487e-01
1.135862939786678183e-01 8.841310616654851628e-02 2.013199761479647909e-01
1.072655841246662883e-01 8.689893587587371737e-02 1.147827161124833073e-01
1.085677869202434642e-01 8.154871496726887048e-02 2.107323761327502820e-01
1.123106357449170783e-01 8.609983983425163745e-02 2.339346810532757781e-01
8.702360692788370378e-02 1.042802516829555021e-01 2.037302275397021023e-01
9.951078688352960055e-02 7.914737536307585308e-02 2.171645735567949431e-01
9.615825950754995632e-02 1.035521682418883704e-01 1.492312658849496432e-01
1.057299521149534238e-01 7.635572414523636442e-02 1.039702566159032421e-01
8.742774572827592683e-02 8.641257657880557774e-02 2.227897121341159137e-01
1.017868216889633859e-01 7.858080612596483883e-02 2.047145691963151992e-01
1.177481891798525526e-01 1.044394384486761751e-01 2.766697206089087091e-01
9.814498910775287799e-02 6.802656063754325411e-02 7.451014568674914351e-02
9.355846326186860462e-02 1.063516780114661525e-01 2.821273539139490527e-01
9.887054209793089132e-02 6.579238936689017769e-02 3.520370032738485283e-02
8.536637807009900270e-02 7.481042212048377715e-02 1.556776406218908226e-01
8.305929740331169375e-02 9.351097074286376931e-02 6.419397091665393629e-02
9.926140228564780954e-02 6.919566989200688634e-02 1.063736211878728299e-01
9.194923502128399262e-02 1.034985651429010528e-01 1.483807240517179271e-01
1.041832714232292512e-01 8.803087247375444846e-02 9.113852647972107979e-02
1.115792266296506408e-01 1.081246690121046572e-01 2.392436694236692030e-01
7.852749308707215881e-02 9.400098910873259939e-02 1.356069242894960003e-01
1.114473169421480170e-01 9.057275219388916110e-02 1.690207001665678666e-01
9.573454290755915863e-02 1.049322833258915927e-01 1.595035546419306949e-01
1.065995668950106140e-01 1.023921066698750132e-01 1.767375393841124076e-01
1.019100250326743923e-01 1.120019750277207043e-01 2.261692700892302954e-01
1.084131764412104848e-01 1.010633105606946469e-01 1.790180689357820654e-01
7.269656769749381631e-02 7.993558310060534799e-02 3.986152847986078329e-02
8.780922304756044738e-02 6.348231403489439095e-02 7.400476763191901619e-02
7.379703372896556646e-02 8.596856323594340155e-02 3.655627389903702562e-02
8.688550054903834696e-02 9.740237092465563185e-02 8.935668820579861782e-02
8.757215051966914243e-02 1.085025568340545338e-01 2.690011672828771516e-01
8.913202064918339385e-02 9.926402756567866137e-02 1.073157897329883870e-01
9.446515715445233385e-02 6.730771600453094861e-02 1.087795161023413920e-01
1.042127572584204687e-01 7.568001988600631114e-02 6.548686791647427563e-02
1.035322853260683268e-01 8.090642614181661751e-02 2.255885290322993397e-01
9.265412061814665146e-02 7.099342943366189485e-02 1.536345179572208841e-01
8.293679355934524544e-02 9.706525242255838182e-02 1.944819094140269877e-01
1.044314833284849947e-01 1.097615226170335495e-01 2.143891785983147447e-01
8.562729695365770000e-02 1.048722774520116918e-01 2.212573526150191094e-01
9.386626496735329950e-02 1.081936504875985194e-01 1.973479945080047482e-01
7.857860945374105233e-02 8.901364094225017176e-02 1.529460619960655576e-01
1.123522363466755020e-01 9.018104101550564189e-02 1.837536038068151301e-01
1.072473262398926097e-01 9.601365742521701663e-02 1.485568699708991192e-01
1.120438258624314176e-01 8.939079390347072496e-02 1.788610145481294711e-01
9.065836093022540398e-02 6.737440699557284418e-02 1.213870814306400731e-01
1.142655496685414385e-01 9.581543849457320461e-02 2.121243458232432433e-01
1.137635861981841218e-01 8.943790843141387337e-02 2.771032040611186020e-01
1.058065109163744827e-01 7.637176885790300518e-02 1.084988406875813521e-01
7.456413005008094563e-02 8.605377608549356905e-02 1.002034816167184234e-01
1.013483576450478901e-01 7.039232548495776010e-02 4.600737333279095870e-02
1.024297541011243706e-01 1.135071536393357089e-01 2.412944967754511172e-01
7.527352880558633996e-02 8.856375402610369707e-02 1.018187382520058665e-01
1.099362285325813648e-01 1.119089603804428040e-01 2.534915514817106530e-01
8.972593916766273547e-02 6.017141419348533832e-02 3.800137669964790549e-02
9.079283407587576682e-02 9.178236829599391300e-02 4.455708961946881069e-02
1.015201919134504221e-01 8.021426347425567038e-02 2.358150031486989928e-01
7.299185722962929501e-02 7.905090942841049018e-02 4.333653654713030823e-02
8.560063353482141868e-02 9.496099867902138558e-02 6.699858725504759249e-02
9.615913219184329952e-02 8.198450647525043489e-02 2.587565087819641146e-02
7.395635640789210985e-02 8.228961536362124074e-02 7.536577441421511703e-02
7.759553123271205333e-02 7.771351067781744060e-02 1.057847325996105065e-01
8.367283207193403072e-02 7.470725998062652251e-02 1.494510003500282846e-01
8.404143805426989022e-02 9.717399611400001636e-02 1.054968447811893417e-01
8.606042230004669336e-02 1.049174883263544605e-01 2.610036148018320956e-01
9.045346529979939043e-02 8.008606865003219111e-02 2.632500997172906518e-02
9.304948502897165963e-02 1.109923332669211504e-01 2.358915558564370352e-01
1.042444403611348658e-01 7.718899034437855244e-02 7.566121344590209796e-02
7.972493678393806349e-02 9.094085381091276954e-02 5.932799989784061367e-02
9.908819202173184404e-02 1.135447583044305458e-01 2.365229974674411539e-01
7.615440232949229060e-02 7.569923109405403416e-02 8.839176024725453606e-02
8.772686865115858490e-02 7.469116445029042040e-02 1.723996200704215054e-01
7.652078623289645942e-02 7.622983992594956071e-02 9.286323747466965206e-02
1.104131921202816807e-01 8.287646621526106872e-02 2.127580599860715016e-01
8.436549987628132186e-02 7.308147157719518949e-02 1.487515000255173192e-01
9.423503775454256104e-02 9.698018700922604596e-02 9.518480237132979915e-02
1.133691251960060459e-01 8.883670918954814089e-02 2.044502467276629321e-01
1.184289757988786079e-01 9.944830116971639655e-02 2.736493838777460663e-01
9.456033535877635121e-02 9.639015455720433001e-02 8.827841413575374108e-02
7.927445155852991254e-02 6.388433551157493562e-02 4.141624505223891195e-02
1.099746986683317607e-01 9.886896438246900454e-02 1.818318931336718458e-01
8.877826260226592825e-02 9.028530770704107367e-02 2.466298179112014211e-01
9.046493760927472316e-02 6.643832142801447960e-02 1.085317981497961048e-01
1.103886245545588063e-01 8.313722680137565491e-02 2.173709700841300330e-01
8.723116632327043707e-02 9.908208382501330902e-02 2.572988756155826784e-01
1.088385905815166810e-01 8.406893014106460449e-02 2.349105757231156888e-01
1.013541531027926240e-01 8.452190116018210020e-02 5.240916207298473850e-02
8.858977080129416815e-02 6.984272117648271383e-02 1.370757234940318814e-01
8.094717131169881785e-02 8.979782751128063956e-02 1.755404463212488220e-01
9.461336707378838196e-02 7.023369953594753301e-02 1.396489185834388080e-01
9.173135684995013805e-02 9.718289538916308201e-02 8.754157153376312950e-02
1.054798140497064107e-01 1.152487212427848046e-01 2.578285218573393434e-01
9.306481898763779848e-02 6.106219295961892030e-02 3.961606892998720264e-02
8.438659774624125698e-02 6.146292536679942575e-02 5.570825431272037609e-02
1.081815049449884603e-01 1.001386012073970100e-01 1.741272364992282884e-01
7.694878643733293888e-02 8.629132760945498748e-02 1.280541016368000051e-01
9.580653254100091054e-02 9.467297479554971640e-02 7.914319470633401910e-02
7.499893593745310394e-02 7.206356060974365707e-02 4.148692238692879009e-02
9.778917786848063953e-02 6.500867510317134834e-02 2.958588347404884217e-02
9.947783826213177361e-02 7.982933987094337214e-02 2.211748135284265504e-01
1.101859870802842783e-01 9.947490572016010058e-02 1.864348606383705587e-01
